24386.67
58958.28
10210.96
31197.88
31329.60
46897.92
58049.18
59869.35
88489.10
47461.68
3681.86
34392.68
29151.46
51384.00
26517.75
33940.14
82887.50
69484.52
13490.40
12955.68
63823.62
34280.40
41997.22
64187.20
8198.60
33019.56
54809.28
2642.82
4701.08
65585.52
6378.96
32244.03
30657.60
8303.70
53110.99
22695.79
40720.68
11231.70
22680.96
37746.46
7014.63
35662.75
64735.66
27441.96
79336.74
46610.40
62075.13
51268.47
66069.52
49818.12
41018.90
77775.88
30753.60
58370.35
53857.20
31596.39
48775.22
28366.36
21821.73
44128.81
51919.94
4264.64
11064.24
6386.80
73073.00
22219.38
50716.07
4823.10
66033.46
64468.54
27649.40
31975.29
35017.50
75395.72
68760.96
42509.12
27892.24
4964.25
46880.40
40315.55
10555.28
19962.93
1898.98
16264.27
59855.27
27959.64
27504.75
4495.77
60634.80
51963.78
48216.48
50441.04
28066.90
43575.90
24179.22
68892.15
31877.63
25928.56
1885.97
19256.58
16347.10
16207.10
6446.85
55540.80
62813.88
31057.60
33210.98
69902.06
23895.20
46225.58
85300.18
45011.88
21070.08
66632.93
62591.28
28780.75
15331.65
8312.76
34929.48
40177.32
57788.80
60559.84
54614.88
51678.36
61015.02
48535.34
24987.12
35479.40
1773.85
25128.32
51560.16
19569.24
19182.28
56417.21
75048.75
66521.00
7287.60
17262.72
78169.70
43310.08
39371.40
33867.18
18547.44
47755.17
20844.78
20266.26
48351.10
45365.32
61823.80
17058.12
14691.72
81395.54
36851.43
55002.75
54661.80
30772.40
18349.50
49696.92
34047.86
30940.00
22634.32
3695.84
71885.25
12779.91
42813.36
5921.30
18259.20
20041.60
27043.38
42020.16
55614.90
52952.00
71627.25
48624.03
27698.90
3663.93
46403.88
26367.75
89812.59
38461.50
51632.76
20197.19
76914.36
11260.00
28787.08
28975.05
37069.10
21062.60
14055.30
3119.28
30007.25
45679.50
10559.34
19670.85
29839.74
19724.42
1271.35
19585.80
51462.36
12188.88
29022.24
35695.38
8204.70
53069.58
49420.36
59595.14
26970.50
28304.70
68634.15
13029.68
25475.86
42394.75
14715.96
1498.58
49915.80
28490.40
25812.00
32866.05
36504.27
56060.00
39402.00
14832.16
60243.24
78555.59
18655.56
58292.10
3624.00
4440.76
2910.15
78381.90
36542.40
51452.25
13166.16
45677.28
6402.76
77959.88
57215.55
43562.70
3415.58
57709.92
23923.06
27560.07
31881.84
3913.20
25327.00
52312.81
49303.80
4838.07
47305.83
42065.66
69256.68
8462.94
1637.73
79988.04
14359.12
10371.12
28029.28
57239.18
86640.50
49031.77
38122.04
70073.60
82120.95
10763.34
12244.96
61264.40
49192.65
37363.99
37489.75
56219.04
25030.18
15612.66
52682.70
4360.59
6841.32
75229.00
30999.02
27732.24
41601.37
63294.88
35194.42
29471.20
36774.92
86134.16
46698.96
32173.80
40486.29
30162.00
62155.45
28564.58
12280.05
60214.50
30071.86
75980.87
64579.68
33227.96
34291.89
31133.00
6547.08
70474.80
88701.12
19937.06
50278.55
3611.78
5445.90
29609.51
24554.25
31268.87
29822.40
10178.80
44038.08
25156.46
17156.04
21303.36
57906.76
48451.75
27147.38
11444.16
25195.56
40273.20
14757.73
19572.63
39279.64
13983.00
61025.28
23385.20
12433.20
37175.60
3702.99
8238.70
63968.00
25623.18
10685.43
48566.44
61059.92
7162.55
62330.45
74944.31
70297.72
32309.25
6962.40
42111.95
65094.47
52555.87
20245.60
9685.53
21817.29
75560.13
48422.75
16145.16
74322.20
14334.12
46030.53
25941.16
31353.12
85940.50
11050.62
17208.90
36543.60
19130.44
40529.09
62016.60
5706.08
79571.52
59948.00
59061.73
49595.54
31884.06
54020.88
44719.36
37802.00
61279.68
71514.80
23484.75
31785.48
33443.84
54013.05
45437.70
18307.98
18022.38
72503.62
18047.92
27260.98
66987.92
60825.17
11760.65
12267.20
14757.96
10931.48
55581.80
45093.36
27516.96
34114.00
1580.66
50201.76
61985.60
28473.21
55898.56
48814.50
77913.88
54217.60
3697.86
15636.50
21221.61
57284.72
46543.98
21823.88
15141.06
33659.76
14996.10
31658.75
21957.76
33210.25
72538.05
32920.56
54301.22
2044.20
54493.35
1007.10
4159.44
39113.91
42445.44
14355.75
26653.05
29849.28
4995.40
22530.20
74733.75
16649.76
44373.73
51454.80
58484.01
1220.30
27429.50
9840.60
69763.14
26979.00
29758.86
5730.08
53048.58
55428.80
14575.20
37782.56
13274.28
7007.36
5699.97
36998.72
45156.30
7703.15
37352.00
61304.80
3425.60
39212.91
67210.20
46460.40
1522.61
43782.20
2750.92
77030.55
54397.38
46219.78
66805.65
47218.24
37560.04
40122.24
65714.88
71531.68
78337.35
10109.00
24644.62
30036.62
18374.14
62897.94
11100.10
34322.89
52759.36
1051.13
31654.41
12020.64
79387.72
33779.53
9386.16
43331.31
15153.93
44933.49
49418.55
62716.50
30744.56
73854.24
15976.80
93397.50
68031.60
35258.96
52255.44
64428.00
39145.34
41578.84
5138.43
71743.90
51661.93
2236.42
34197.72
43929.36
74397.60
11552.40
7934.46
13262.40
1964.14
21603.40
47307.04
37377.27
56363.16
7099.68
62286.79
13124.00
63678.88
12465.31
60243.24
32066.56
44521.75
15405.39
38092.60
21833.10
8982.81
12465.42
28458.59
41654.10
28182.13
14775.72
51114.74
14544.00
60669.57
72700.32
1812.89
45421.02
28511.21
41353.74
23476.70
3024.27
82806.48
7487.80
16848.18
21879.20
43387.08
74334.24
3159.39
3149.30
8192.76
19299.21
33131.07
22976.70
38120.64
25677.00
68129.06
51426.72
16434.18
47512.92
29450.93
10250.96
35957.60
16401.60
3115.28
7279.86
9363.90
8373.80
37289.50
17224.48
58822.00
37299.10
8793.54
43610.19
10865.40
62304.01
32571.28
7943.35
46216.17
38729.23
25905.36
51058.53
16271.50
45129.49
42014.70
10826.48
45668.98
39691.26
60903.72
1351.43
88123.12
63135.96
34290.96
23047.05
24193.65
66029.20
30671.55
48562.92
18664.69
43517.76
24471.84
58093.23
6732.15
49866.84
61919.52
976.06
72811.05
7072.45
39381.44
74460.89
50368.92
1682.77
57414.06
15504.00
10456.98
4261.50
12227.81
27938.61
77217.12
69388.67
22549.66
43515.90
73853.76
49156.20
59255.70
37681.60
41050.68
47301.30
25785.36
1857.94
53657.20
22800.00
52495.58
32977.36
31562.16
44256.48
26708.52
53799.33
87652.18
56502.26
20855.78
40260.00
13180.79
42203.39
46282.17
35302.76
62237.01
87417.18
84176.32
71076.46
58973.21
22812.48
14460.30
56075.59
1585.67
45071.28
60651.58
31057.47
54417.60
62837.83
5646.05
18064.20
46584.61
16964.64
40363.05
21055.10
24083.99
6939.28
1561.64
55218.10
50951.72
27553.80
62903.16
9027.81
33495.20
40223.05
28566.72
44314.81
49519.47
12399.31
57756.48
64495.47
56364.72
1678.76
46924.00
29371.00
34312.30
18611.84
82886.40
26491.84
13126.08
9856.53
76719.60
17981.32
80584.18
53676.70
36401.18
47241.98
25723.72
3880.14
34787.29
34390.29
7117.55
41876.64
7967.61
10707.34
24670.80
17668.50
65348.80
53025.87
46029.02
12690.23
45998.25
17574.48
26845.56
84866.32
2983.14
31353.75
74598.20
33635.20
76071.58
42571.62
20392.58
23740.92
54969.60
13202.16
55784.48
6482.80
43400.31
11916.84
42044.40
38008.32
62567.50
21346.44
58812.98
50152.50
22464.64
49998.20
49990.20
38991.00
20878.88
47891.98
21743.10
25587.60
17747.04
43728.00
54693.31
22367.94
58561.62
3377.56
44927.70
50040.65
73068.55
46231.88
56489.40
51282.00
7295.60
36270.39
30858.00
19196.28
36747.90
21568.96
7217.84
21433.62
25327.37
41134.45
12093.00
49717.85
19019.80
53355.12
9209.65
27962.00
36036.00
47846.40
10928.70
79762.85
58028.74
4516.80
57656.52
11212.00
67478.84
3787.96
17074.56
26088.72
32414.20
41464.84
28043.82
36933.00
18362.63
28800.66
24575.67
15268.20
55003.95
10991.80
16143.16
46850.00
40435.18
44223.96
28361.88
20599.23
9970.72
37545.27
43275.90
3515.66
64220.20
34770.75
42569.50
45491.14
18559.68
37531.78
1386.47
41601.34
3772.12
76863.85
68770.52
45168.96
18309.20
34687.20
11705.76
17385.19
54238.05
39521.76
1261.35
41616.84
9306.99
47750.76
17563.59
51303.12
38512.60
10264.74
22722.30
45174.76
60943.35
39449.52
25687.40
46651.14
31934.81
21965.58
37345.10
82289.01
63884.64
11933.53
62523.62
26395.68
5462.73
22689.00
59732.56
7422.85
12557.16
13662.32
22995.18
31364.06
43778.30
36516.15
25353.98
30623.94
54417.60
65372.76
7517.90
74382.72
64176.62
22201.27
55418.71
13285.92
30270.50
5021.32
83277.42
16827.60
7652.33
11903.76
56703.16
70605.92
19798.68
14310.60
32118.06
19286.41
2058.22
8388.09
65484.45
19028.02
40903.56
16470.00
37790.00
5625.96
26445.58
3940.28
85582.30
13687.74
78049.40
65974.08
31689.84
36507.96
2855.04
43151.62
18455.47
2886.15
13069.76
33611.52
36272.61
62645.80
56919.06
13018.86
1009.10
21108.10
50222.49
40386.48
50285.82
44596.59
40818.46
65470.00
10285.33
80138.70
58934.48
16958.20
7519.12
49877.28
76691.31
13294.20
39353.16
62016.00
13704.50
46098.60
33893.46
15806.70
72988.80
39562.94
52536.17
39831.86
30110.67
47577.92
30632.22
37806.02
31336.35
47426.40
21134.36
8913.68
1735.83
1610.70
38340.50
44655.04
11933.53
17208.72
67354.98
36288.86
54359.76
48560.70
56363.76
38651.04
5618.88
30732.60
13382.40
8273.65
8647.17
79619.52
70741.71
1135.22
77648.83
59727.80
32634.40
36885.10
35186.67
65841.30
43013.04
26388.20
73877.49
5397.76
10681.50
82504.24
65259.29
24523.01
18073.44
26557.86
57826.86
41504.10
34161.12
7098.70
54054.81
45059.52
31225.88
18969.90
39802.80
48296.82
56409.15
20962.35
5421.76
20008.01
4890.35
24026.00
17208.45
49948.36
64057.50
37014.25
22001.76
49761.32
12960.86
28028.58
41667.78
6713.28
32705.10
5496.06
1148.24
31076.00
73630.67
24445.65
11652.60
5207.49
37447.33
84613.20
49216.02
35317.80
16176.16
48268.92
66561.48
39831.86
28681.00
58525.92
9538.08
64955.37
23064.80
2965.14
23827.96
32043.88
14064.90
3389.56
42868.02
14927.60
26705.12
47461.95
55165.89
21979.98
68742.45
22889.48
21908.25
39073.16
43515.63
11372.97
41316.88
37336.33
33153.38
18972.80
27791.61
22163.80
10854.48
19990.66
44878.80
8589.00
80692.48
32810.25
26828.00
12508.16
76625.55
49139.22
63669.60
92046.00
14705.73
11740.32
43231.76
13544.41
30287.68
1191.28
27199.38
33228.36
6419.00
3529.70
24128.26
59225.73
45750.00
44252.25
57782.80
59409.00
48020.70
17475.48
4765.15
3928.17
43193.00
66464.65
32694.73
958.04
5275.75
32458.72
65108.80
60880.80
1179.26
27637.96
2849.02
11211.83
57262.31
32301.36
12253.05
50245.80
36230.16
18674.76
37840.04
43647.20
35410.11
17137.90
88538.10
30566.34
32352.32
11522.40
70970.34
25488.54
15986.80
41833.08
88170.59
93147.00
67188.30
8216.88
31759.93
38941.00
59142.40
14265.45
26356.32
35341.14
10191.10
65432.64
37661.04
1690.77
18609.89
39873.05
45397.75
46083.84
67839.81
1329.42
4484.80
40602.48
26418.60
49090.62
61886.00
11365.97
22185.38
40749.10
71742.86
54141.84
9439.01
40614.78
46774.00
6535.08
21217.50
90845.00
31108.50
43950.73
46625.40
37687.78
5515.90
36805.37
82787.00
7603.05
33531.75
26109.72
71525.50
7359.72
58288.23
36470.41
22019.04
65289.07
23544.90
24197.04
29467.19
44525.88
62885.13
55456.80
30332.20
27484.96
4452.80
13630.32
73539.74
26613.72
6632.10
35065.80
66877.20
10209.78
18191.14
42597.09
6306.64
9172.73
4402.65
8801.52
27385.96
22247.16
32094.72
11243.21
19761.40
40569.93
49177.33
14385.60
65308.80
2814.98
10027.80
73466.67
22380.38
44783.36
34246.30
41195.84
50280.78
12813.52
63091.20
19407.06
81940.95
29118.40
51222.94
74394.32
1041.13
6613.08
7091.44
45222.25
67930.92
4754.04
50958.36
45122.50
39259.00
22367.28
5189.46
77324.77
21797.88
9333.94
12409.44
21358.32
43075.50
51966.32
55048.50
34891.74
37505.78
70192.99
21182.80
31564.20
84368.69
15061.50
45633.21
61156.44
66151.19
13278.86
1667.74
20184.32
27002.16
34559.29
11320.32
46354.62
26837.86
16918.07
40588.46
33960.65
24764.41
6949.38
87511.18
47685.40
13202.16
59403.02
30308.79
10498.98
14575.73
6967.35
26476.56
12865.68
20294.85
55960.74
56929.31
2544.72
46219.40
13664.69
7327.68
72961.54
16131.50
18159.10
35510.05
33018.77
55378.22
1444.53
29190.60
44768.00
54194.62
49642.50
32395.02
81376.26
5726.12
45757.14
1731.82
11126.97
12685.80
51399.90
6935.24
64846.86
41690.55
79365.30
82935.36
19545.35
47928.69
18499.60
61811.19
43235.85
13654.50
27840.60
10721.60
37986.69
24727.04
8793.54
42352.52
21803.22
50022.24
8463.85
71835.27
10956.99
39434.85
22148.55
40892.75
19153.71
56635.20
71559.44
25857.15
54275.76
21172.50
39162.80
8675.31
9009.68
43974.92
13124.65
42476.46
49927.85
66849.84
30728.64
38677.08
54182.73
20959.89
18871.92
13725.00
55331.42
79904.79
38040.44
48752.46
52951.39
65397.60
16735.94
7610.10
45708.00
63112.50
41445.45
39209.82
32349.04
31337.60
11919.69
24175.83
9340.20
17412.59
44820.79
69712.80
3329.50
976.05
75634.20
26761.56
40491.52
40843.00
38936.70
6376.80
3489.78
32404.58
35685.00
21531.37
21953.29
51870.40
22469.94
13148.08
11832.72
12955.68
36694.86
15564.77
81135.50
27269.52
10408.92
39763.20
25241.55
32474.31
57448.10
14595.72
18974.34
29031.32
73305.54
10747.55
47510.91
71705.24
5906.35
16930.06
17651.19
49467.91
8051.61
16088.05
32494.20
77324.36
53018.28
35293.70
41328.24
48543.84
30904.30
14100.30
31298.76
63706.97
36734.50
37189.50
13811.67
40420.64
55670.20
38299.80
54752.88
45678.30
60151.64
28370.00
2328.52
16858.71
18488.36
30812.22
65975.07
6354.90
63520.08
6214.56
43470.50
3423.66
59173.02
6136.55
7908.30
23600.78
70447.26
35534.42
20031.45
74479.00
11284.00
59753.92
78663.90
53470.44
47207.98
10703.22
63696.85
47469.24
13214.28
44326.32
76544.64
7224.77
28743.26
32578.56
63246.30
33919.58
28967.40
6048.60
15964.83
8601.36
42709.62
77036.95
58525.92
29021.20
5742.30
62717.00
52727.68
6967.45
35317.80
18271.80
25752.00
29532.96
39341.70
80834.50
34720.62
22115.16
25073.91
19161.00
34229.89
14975.68
57138.48
49011.84
57255.68
88243.61
59858.70
26635.56
59297.04
43979.46
25283.06
14694.39
13194.00
13159.79
7607.96
59163.50
51345.20
39041.70
27693.96
62262.86
20857.05
70678.10
6899.20
40417.75
62765.67
57937.23
15040.48
27709.60
48470.03
1625.71
40062.34
5841.30
61092.22
22591.94
45543.68
26105.54
20360.34
68929.15
48162.53
41380.47
18224.14
29239.44
33084.00
8489.12
47299.68
3814.11
52457.00
47174.59
34501.44
6456.85
28079.75
87791.50
50566.56
5627.88
34725.44
29515.59
68038.92
35934.36
21446.49
68616.24
31343.97
16583.49
11576.18
43936.74
66394.65
40442.75
8180.76
43191.63
54750.52
11772.48
62188.49
13790.88
26235.90
24806.46
64928.54
33866.72
8168.70
63361.20
74712.12
17018.82
5351.61
5051.31
66453.48
82518.94
6767.20
28461.92
76835.84
54807.60
29556.50
9873.50
49027.11
7147.62
30758.40
45265.44
10551.50
29551.68
52084.76
11422.30
7257.65
16525.02
18067.52
14238.07
11162.76
36669.00
68706.57
47751.50
32685.00
6042.48
10450.98
57727.74
20853.98
73409.28
55673.28
13070.16
36192.39
11302.20
23572.64
77313.12
21162.80
58430.88
14006.72
43896.00
45588.00
9195.66
67771.50
26571.72
4797.12
1723.82
41398.08
15917.25
35373.48
23433.08
20121.30
20976.23
51567.46
33983.46
68673.15
29406.25
27728.40
44602.25
42732.62
30772.40
12964.14
3665.82
66780.93
46030.14
49862.70
82213.92
45639.35
23895.06
72126.67
50246.13
43950.30
59807.65
19701.15
33845.70
47571.04
36935.85
28113.58
2997.18
20745.56
40013.40
2772.03
14487.20
25827.60
60584.00
2634.80
81445.05
40746.72
49545.89
38276.26
40707.86
8493.10
72743.93
1134.22
10681.60
49234.92
32535.00
67977.06
22599.57
68290.68
54386.70
4595.05
28568.21
30032.00
62534.24
37599.36
45573.02
39156.23
78851.04
33996.30
10050.90
47019.70
14226.03
37040.40
6182.56
1617.71
40602.90
26128.00
39101.54
73713.08
5574.12
29554.19
67415.52
41227.44
2702.86
10072.62
36099.81
8617.28
24877.25
55583.22
8973.63
42644.75
71933.62
41899.92
42850.74
10501.30
59348.32
37881.48
5686.04
13995.96
8243.65
18859.80
70914.52
11548.32
22695.79
19211.09
25016.67
55399.91
8120.64
30056.16
34623.99
59696.70
26305.12
68800.60
6721.26
21055.10
20941.61
42447.88
22493.70
81936.50
23740.16
71628.86
74018.91
87276.18
2412.60
35683.96
30489.11
71438.86
62672.24
31169.60
58235.20
29544.20
52471.44
53396.35
60400.32
1433.52
31036.89
58229.60
52279.42
53592.80
19328.28
59841.14
15721.95
9171.90
73877.60
40593.29
47246.04
12185.74
49854.50
34674.34
42225.51
51427.94
67022.00
62237.16
41249.69
9370.08
45172.25
19204.64
39197.64
20742.24
54518.84
55690.90
27771.70
13045.86
19546.54
53370.24
6739.08
62846.22
86526.65
55158.52
4880.16
70209.92
33333.30
37707.07
66447.93
56754.25
59336.16
14932.08
12767.04
21412.80
72382.05
7631.26
31881.84
80445.26
43831.90
56648.63
23653.74
67322.95
21062.56
40700.44
20418.45
3357.60
2624.78
18840.60
4660.92
43894.17
35029.80
50581.44
15604.68
988.07
44687.68
1048.14
31569.36
57061.50
42406.00
14658.48
8854.35
13718.48
41985.45
62960.45
46884.59
5730.08
5514.00
6719.04
56928.90
59606.28
4102.35
35135.03
46629.64
73115.08
34336.37
67479.28
41728.54
41793.75
44783.36
12619.53
52919.44
11219.84
16440.02
21382.72
22515.57
77265.84
8168.88
64454.46
84553.20
69072.80
61038.50
64300.47
10770.41
21505.46
56158.74
6254.64
14559.39
20153.28
11405.88
63271.16
70809.39
87182.18
58814.88
70373.26
6246.56
44662.80
6643.28
56794.42
61576.35
45809.60
16561.38
75499.65
24133.34
22895.88
14987.06
61806.15
17014.20
8979.48
49480.56
71134.48
12162.96
36327.60
12838.59
14478.30
23859.33
30530.43
14034.90
75232.43
31253.00
40588.46
26417.44
42129.36
79673.16
19475.70
62065.20
14487.12
76791.36
42747.87
25280.82
60975.72
8433.85
21148.68
15823.83
16097.16
10856.61
11316.97
48969.77
29218.28
54055.38
2825.02
76504.36
53965.98
34044.14
55403.52
77361.12
45218.52
47436.92
91677.04
15802.65
7467.80
55644.00
77531.50
42357.51
14016.08
58669.56
8413.80
24518.52
79590.42
43053.12
70249.96
46354.95
15953.12
9330.20
68292.45
22109.58
24535.65
57084.96
38682.00
45928.84
22633.66
74683.26
80787.77
3949.23
17479.08
6673.20
69873.20
40248.86
34788.96
30258.17
9724.26
62166.50
17953.18
8703.54
39542.16
26732.16
24426.61
13712.58
37966.79
20690.56
57930.74
30607.50
79984.50
8149.75
77020.31
63386.80
37860.61
24574.18
22178.55
39016.95
64518.50
46949.70
56540.00
31942.49
22464.72
40991.50
16827.60
21902.01
55012.71
5090.37
17313.60
8312.82
7778.40
6492.96
41869.00
45128.30
32305.72
1036.11
19655.46
20853.84
54751.13
20093.06
62099.66
48627.20
3219.40
69116.57
27613.12
19358.24
12421.04
19300.64
70429.71
19050.02
22487.84
86841.00
53158.80
10018.80
41310.50
4352.68
44431.88
31064.79
66862.84
50571.36
82103.56
27839.10
50004.00
66709.65
53417.43
47102.00
24686.40
52014.30
54363.96
3739.92
12697.68
13784.60
16495.78
9824.50
36291.60
33531.96
10274.96
39705.12
44871.06
13532.31
88782.06
46326.14
70664.10
58127.72
7640.10
9910.38
90009.57
3031.20
17613.90
8441.12
57097.25
12810.00
13786.74
2680.84
39670.63
37922.92
19641.24
62817.50
59382.40
38471.40
26786.16
9656.29
27445.88
66797.92
52533.86
86154.72
16834.08
66921.84
34556.20
21108.23
13838.58
3355.54
43896.25
12604.32
40610.68
34431.12
65569.50
9334.01
8193.65
11568.60
16935.93
43145.00
42298.26
28127.70
56220.06
43215.60
20694.10
55002.22
51559.20
45969.61
11617.65
27196.48
50658.36
40793.00
57251.06
88700.64
84489.00
49016.80
18003.52
70574.73
19581.20
38529.82
61383.32
31250.79
12575.53
57130.83
32354.88
18429.46
59903.60
21391.78
3748.12
20241.60
25932.30
16169.16
20549.92
7933.40
63011.91
45599.84
22695.79
38281.28
31635.58
21397.99
33143.65
48723.84
16373.40
47892.43
43474.62
43745.54
53632.61
11586.33
44483.04
21127.35
42851.56
41580.90
41557.56
32194.88
61797.56
35056.53
46942.50
36738.20
10581.13
1581.66
75565.12
1080.17
10679.22
16506.18
47410.80
24794.88
83237.00
37089.00
27304.25
38812.77
52515.90
2973.24
80737.07
23606.57
1836.00
87087.71
13676.52
49336.20
17594.38
70938.82
23041.20
4778.01
24786.27
44926.80
4985.28
14887.73
39102.12
34885.62
45727.68
36260.15
16337.10
21381.49
7832.34
67018.98
9471.96
18752.02
46456.29
49611.80
29600.32
51886.38
88993.50
3884.24
42613.56
10175.22
31617.39
20685.84
18078.90
83324.42
31028.58
40522.46
44116.28
48597.33
46042.43
49856.43
40888.75
18415.56
37068.87
39133.76
68623.52
46725.28
35758.76
18527.74
46573.50
2274.44
79643.25
47488.68
21045.00
47582.66
71283.44
11815.76
22929.15
40029.66
55339.20
5015.28
40940.68
34396.00
6236.65
34260.48
11513.11
43849.81
44546.58
38848.56
43992.94
27537.44
63331.68
6811.12
77683.88
14746.05
38428.88
13397.13
29191.32
5684.91
42307.22
18091.20
66780.56
28247.74
25377.75
78226.56
17486.48
51099.53
56961.50
79977.85
27713.16
68022.45
46810.40
11882.70
13852.85
39315.51
29983.92
11618.18
60651.72
42194.50
75678.80
47449.50
31750.81
4033.29
27676.98
5165.43
17785.44
32554.20
7483.84
1861.95
48294.48
73176.97
68583.16
3871.14
39705.12
65719.50
48394.08
32087.66
36702.60
34687.50
47149.80
28530.20
7838.34
62633.23
43532.19
14955.80
28102.45
31394.24
39810.00
32610.00
52495.48
75727.68
29404.97
2114.28
31955.88
9667.44
16833.15
16116.90
2742.00
18595.84
64880.64
35570.08
47504.49
24735.76
60552.36
25041.06
52429.90
17794.81
15460.51
13322.28
34343.82
50013.60
52147.44
50242.80
17922.96
43464.24
48036.10
10587.28
20121.80
18343.80
21638.88
12963.65
18091.80
22127.15
32271.84
36669.30
10439.44
8654.05
18219.24
27461.70
65238.40
57812.00
5622.00
60749.84
3385.58
6815.12
54648.04
47859.12
69574.00
33981.86
15232.32
38079.42
3736.02
42802.62
16216.92
18379.32
57724.48
78495.48
82598.88
5096.37
3946.17
70508.10
32387.20
17988.38
35189.18
7014.63
74828.50
69063.15
59036.60
37923.69
45745.14
36637.15
27693.26
25227.12
3731.90
8640.31
25696.17
8282.82
39930.00
52868.16
26641.72
1742.82
6892.35
79064.80
13811.58
29557.08
81060.96
60976.08
5772.24
48388.80
16578.00
52437.35
19280.70
79084.74
1549.64
35238.40
22724.20
67839.52
30333.00
23631.30
52471.16
20626.71
15234.93
25416.09
18067.20
34929.11
10995.60
12253.32
37407.36
95449.50
1484.58
34730.74
51326.73
51189.25
37671.27
17827.04
38633.60
70039.32
25595.03
38591.40
82665.48
4228.50
24146.40
31714.56
29515.50
65743.82
27686.61
10593.55
36702.60
30083.90
55048.50
47218.24
49192.92
19247.91
15003.96
4320.64
9219.70
19391.24
28644.40
15674.00
4306.56
28857.32
4895.35
66572.11
45479.28
1950.12
36607.20
23275.75
4934.16
9379.08
40342.64
6907.40
68448.24
29311.00
55932.00
1905.99
26593.75
36424.64
42126.24
55037.78
62889.65
25155.12
40639.52
21017.61
31407.48
28381.20
57084.12
1468.56
67228.93
29880.54
21713.40
31767.30
45588.30
74264.89
36746.64
32848.20
38081.60
29006.40
48229.00
40342.25
38144.04
55678.50
16944.20
12901.59
36660.78
9530.40
23460.50
16848.36
7028.56
55287.90
8769.44
23333.44
15991.36
61958.52
24926.60
58923.94
40334.86
4883.13
1353.44
62036.13
52022.32
80100.79
14327.04
74812.69
25131.36
33056.76
3225.48
24778.35
7848.48
63475.20
28127.70
7688.16
58851.02
48332.44
24728.91
17826.84
45578.43
17598.50
61490.25
36588.37
16517.40
25840.08
41763.96
40430.32
54153.50
2440.60
6316.70
45786.18
17418.30
19120.80
43894.17
32948.04
8056.80
75904.65
79083.50
25367.00
23224.48
13804.70
35418.28
27290.16
53396.10
22424.94
46809.70
8415.96
58068.10
41067.15
58582.04
5345.80
31532.94
16341.16
19957.28
44544.96
59387.30
29401.80
59402.70
12316.96
22319.28
95149.50
13003.90
30633.00
47855.06
35492.76
45367.14
63894.60
36789.60
34241.40
23950.20
35317.80
62322.24
39185.44
18374.14
54490.56
27688.95
67848.00
34788.20
68516.76
10961.46
21250.20
41844.80
52007.08
74985.72
29338.77
5001.36
49750.47
21903.60
42841.24
37362.93
38519.25
36747.20
71776.50
24732.00
5018.28
65745.03
29934.45
9200.20
16267.42
47335.05
48818.17
3908.24
8406.27
48268.08
13550.24
15189.93
4847.10
30011.80
36290.88
41876.52
62073.78
3507.78
62567.34
1336.42
83087.50
10946.70
36878.40
45516.60
8138.50
44965.73
31244.81
55804.90
25046.60
18009.18
51325.65
77158.83
49054.00
57165.06
19564.72
18103.08
19911.25
8614.00
20469.60
6036.50
35053.48
32334.25
73795.08
34488.99
46394.29
36723.96
9793.62
21615.75
43534.40
8083.50
54954.75
64925.25
3815.98
13048.28
31534.16
1635.72
36613.75
60225.27
52864.10
31874.49
13424.30
44594.76
68555.76
90845.00
58820.58
4975.40
4132.48
53649.12
46900.88
45948.96
38115.50
37818.04
44832.96
31116.68
40573.68
21010.68
3147.42
9217.08
1655.74
57508.23
55009.00
6438.96
83487.50
43241.38
59390.08
57810.49
13110.72
2953.14
48595.80
51181.48
9700.20
40348.00
3751.05
1374.45
11639.43
7392.98
15994.03
35101.20
60277.94
42045.78
48471.00
23547.27
52051.23
42495.00
33919.58
11195.64
77523.84
33227.96
13374.20
30896.88
19196.28
64628.00
5125.48
21112.80
18043.08
10824.77
27069.38
51964.52
17238.60
21454.32
77151.06
47076.30
2706.86
49893.20
27217.40
65893.52
20349.56
54405.96
30162.20
45450.00
10198.68
37829.30
48016.46
60651.69
80538.64
12276.96
53021.70
31034.35
45282.72
6250.60
25496.70
9860.60
60901.84
19401.28
73436.80
29599.46
21067.20
43295.50
15284.28
70129.92
38294.61
42275.51
38738.70
21915.14
24270.18
70815.15
43029.09
30328.76
23734.62
32842.80
3443.62
13658.49
28488.09
50645.01
25327.28
16781.71
62591.01
46059.88
13245.92
6030.60
63884.98
43201.20
75544.65
62166.70
53696.40
4030.32
38518.48
73282.86
66355.65
80119.60
50104.50
61084.80
16361.28
42825.30
5168.40
61945.10
10604.55
3353.54
16673.92
1493.57
4546.83
26509.35
45964.36
47092.74
35017.50
56163.80
25572.00
22175.28
16297.10
26130.72
78578.72
26509.14
26331.84
57500.80
6767.20
65841.72
90945.00
88439.61
27029.16
57047.76
2328.52
27160.98
22328.55
20389.92
55002.22
10951.90
2182.34
12361.44
68832.00
48933.11
33845.49
41557.56
1353.45
49961.20
38450.48
56681.68
26262.45
48303.00
3024.27
39936.87
45868.72
5642.00
48732.40
33144.98
38890.53
68851.82
7123.68
64228.00
53095.80
6923.56
57732.84
31040.64
32574.20
6899.24
30108.54
19952.66
13764.74
26845.77
4615.05
67944.00
57320.20
86006.24
43135.88
32525.10
42944.98
13070.16
20081.59
45848.00
26277.58
20001.60
20268.93
1458.55
18059.00
43632.62
11837.76
36588.37
51175.35
28942.05
55578.80
5111.40
61706.60
69780.89
44861.85
55138.14
22058.25
38640.42
59348.73
28134.48
79676.42
21821.52
4604.96
24601.92
18515.84
48637.48
49750.47
70527.73
36401.18
20405.76
47637.24
36407.61
80484.50
23413.89
37455.36
18818.69
15226.38
41420.48
87017.63
4749.12
50302.12
36134.16
10907.60
12162.96
45938.36
57150.06
4196.52
3812.16
46649.00
5155.60
36228.85
4020.32
11400.36
39531.14
14612.62
60031.04
68868.66
6811.42
30870.30
18643.68
39017.72
5991.40
11027.46
28343.13
48990.81
34808.00
61864.80
4008.32
4092.44
34569.72
38690.73
66625.65
33821.28
15911.72
86154.24
32488.02
23144.80
16998.00
58494.48
10899.52
13181.84
47854.66
24109.56
20742.08
62543.52
45455.52
63764.16
48861.60
53185.80
68958.67
55197.60
67839.03
7031.32
13285.92
9213.66
21864.00
36462.86
21946.92
34560.68
25198.32
31701.80
47410.40
20782.40
1491.58
43148.92
48364.75
36658.20
63305.96
7294.91
21824.01
56311.00
52456.00
46796.88
57138.48
76716.96
29646.88
1819.91
23335.20
13271.86
17883.18
30153.00
46797.01
44218.71
41644.16
72927.08
30030.33
36380.61
84029.42
38151.02
49191.84
39239.05
35712.75
11308.08
7237.80
4432.76
43743.15
15511.95
57465.63
9404.80
73156.80
1880.97
49490.44
2400.58
41998.00
16033.05
18107.55
8457.12
24650.10
46264.53
23653.74
24608.01
5826.25
18076.24
59106.95
32462.32
28405.50
5449.80
8505.27
37251.48
14979.96
21818.10
39560.43
24344.25
42201.36
19481.40
7375.72
7998.40
35003.48
9186.73
39593.76
2086.26
45717.98
64440.64
46250.16
83423.12
47615.48
3765.92
35319.49
23983.56
31159.64
12851.44
66632.93
30993.60
42913.36
57996.52
11452.20
68652.45
48321.64
45523.00
58910.88
41905.15
70188.63
14395.20
79619.52
52928.33
3664.04
92497.00
70867.72
59582.08
26740.26
16425.64
70003.35
46050.14
34353.45
5541.00
36230.16
60944.00
23650.41
13785.15
29226.78
56123.20
28951.20
65763.95
22332.20
16124.16
52374.90
47099.25
54490.13
67733.40
31259.54
11246.90
57546.72
6494.80
13630.40
45498.82
59737.30
36971.20
3081.26
89229.60
30299.40
67005.54
36566.40
76447.98
21289.95
11684.32
21919.24
23208.99
22331.40
38953.74
49905.24
18796.80
8561.20
58651.07
48332.00
86779.20
41118.71
66791.04
52381.48
49139.22
39302.17
26824.60
38656.80
35570.08
11343.15
41997.22
8398.80
49697.34
66023.58
34743.74
39412.16
54026.40
65623.60
17188.53
37919.80
20199.85
41516.28
50886.00
48195.84
18037.18
37195.76
49462.20
5826.30
28096.75
22173.15
9915.50
57895.32
25551.18
25857.54
10667.43
44206.80
15612.80
45457.45
16897.80
4910.30
13487.22
14865.66
42074.70
29571.92
43124.24
31135.87
33201.19
22358.85
76856.64
4775.20
10101.00
4856.10
82242.48
68706.16
82454.88
54178.08
58436.56
32678.65
22276.80
29839.97
9357.90
58561.56
11071.69
46147.53
1646.73
21110.40
50579.99
15136.00
24651.90
23701.00
62075.13
14095.07
78383.00
68048.37
69883.71
2044.22
59507.36
31625.44
40870.71
27154.25
36800.40
21967.14
31566.58
26453.50
34097.91
36198.00
59304.32
62746.40
2448.64
3341.50
67000.84
19281.00
77867.25
13247.19
43960.28
13940.74
12135.96
64821.12
21965.92
14751.44
45948.60
32528.54
73283.42
45451.14
8907.36
21831.20
27676.96
37910.60
43492.31
40948.20
66965.93
39041.08
52920.00
68035.03
62114.36
44689.06
56210.50
13954.90
1754.84
48100.84
37747.14
28878.40
73357.44
35413.18
48771.60
10391.30
31654.10
17560.76
7297.75
67474.93
31473.90
8219.82
70378.96
37193.26
3165.34
54838.42
6817.38
5674.04
8058.68
34029.45
50292.80
40018.94
22331.52
30382.75
84406.78
32647.65
17768.60
33047.28
49908.48
67966.41
15541.29
70527.73
27523.80
41645.56
45768.80
25635.28
67737.76
87261.54
1281.36
21043.10
14964.84
12301.20
32418.66
19820.76
36673.00
10090.62
70085.60
22715.76
38133.90
47191.41
33628.72
60351.04
78514.13
33705.88
52483.42
87391.50
5946.28
72961.54
14458.47
38344.60
39815.47
46634.35
8118.50
23817.28
2608.78
2734.88
8649.12
5081.40
21947.73
13833.82
39315.90
14759.44
51377.76
36253.90
21562.56
19690.86
75420.90
60123.36
31586.56
25544.03
39569.58
36435.24
20833.89
26988.16
33785.75
16319.27
45678.06
90394.50
35587.80
41293.34
29056.82
37174.94
10941.90
60396.96
11688.32
57052.16
44735.88
14415.30
32686.20
25810.17
65048.40
1436.51
36595.59
35485.44
2316.48
40238.10
18073.38
57308.16
9450.16
40971.52
26913.04
45880.62
2823.06
22173.15
7562.04
3787.96
43871.25
81265.05
28297.36
21078.56
50805.00
18821.88
15568.29
60134.64
48597.04
38058.79
15366.20
22578.36
11351.97
10703.77
12829.92
30088.24
918.01
67672.00
59704.64
15551.77
36464.48
33330.27
73084.05
31926.68
14667.62
42572.64
6715.26
40808.29
11131.84
7596.19
25872.00
37953.61
72445.54
44464.86
1477.56
43847.60
39642.80
74737.12
47201.70
41040.40
48478.08
14768.16
14403.40
71267.24
26728.60
50135.49
40875.84
46536.01
14289.03
46489.20
22073.76
19550.72
36056.57
15076.08
54524.04
38784.89
88546.59
25082.40
62826.00
8877.42
12403.20
15811.56
40812.93
44797.00
990.07
46689.60
5369.61
39555.40
81760.50
64868.85
32534.50
14851.20
65262.45
37219.52
7021.50
30830.12
79503.16
55036.80
23650.75
61300.08
13415.31
1123.21
88783.59
11099.88
35987.52
30036.50
36018.36
31722.39
34137.45
51515.73
65156.04
62081.36
55576.78
53878.05
31252.80
12746.30
17555.72
42991.08
30159.52
86711.71
39939.47
26912.29
40721.07
46013.43
6454.80
38346.00
7736.22
30327.00
28768.00
14561.82
57830.09
55779.20
3039.33
58489.56
78373.88
78874.74
19698.21
3555.72
23465.20
7351.64
89666.08
35036.38
15125.90
12963.51
2865.12
34373.37
57521.31
17204.33
69653.50
2857.04
34836.72
7519.88
12883.59
25489.08
34207.06
70525.72
38601.60
14614.73
53198.10
8668.24
24986.40
61489.12
38665.75
48388.80
63188.23
18584.06
45588.18
64008.51
44298.54
12880.14
46849.20
17686.76
22641.36
54664.14
48212.03
41501.85
58030.86
74726.69
15045.75
42925.76
38218.50
31911.48
50924.32
10787.36
12168.20
1309.39
48462.48
29964.20
1213.29
36382.64
10859.60
4666.92
26614.56
39198.12
20514.45
64781.08
9978.72
66373.93
83559.84
41010.96
37639.40
23509.27
29443.16
12847.68
54648.35
51058.94
43461.36
72556.00
53344.80
6743.04
57950.90
67892.91
76352.16
26232.60
17638.50
48883.24
59508.00
3461.62
31009.92
63493.83
70124.50
6922.35
14836.05
23876.99
75477.72
32335.36
30192.48
33056.98
11982.60
23978.16
74376.12
57931.65
14234.94
55787.52
83853.86
40363.20
22840.32
3111.28
6601.08
53468.80
55197.60
40860.00
17108.00
17768.50
38682.40
3732.99
54778.40
68723.00
87088.18
51299.20
37980.60
92609.02
31002.48
79063.16
54875.22
30191.52
38392.32
4012.32
79461.42
10456.98
3439.62
22956.22
44283.15
73219.97
1886.97
60304.32
20062.90
12085.20
25731.18
28225.64
78789.26
44940.59
72677.00
9241.92
35429.80
23983.74
4504.74
10258.85
61127.92
48140.70
49921.05
47663.17
35967.75
11132.00
61064.40
30369.43
65468.40
45468.00
32714.60
27101.04
28477.76
51084.00
60521.46
7182.60
52536.17
39697.35
84040.32
2006.18
65200.02
34122.14
39466.00
7610.16
74526.72
72940.82
13264.86
49137.57
30830.22
20256.60
4504.84
43677.84
37552.32
58766.88
7628.05
20557.93
17430.48
44137.44
41770.64
35233.52
18422.36
35664.49
23165.00
49309.11
46579.50
52306.50
27705.07
28235.52
81000.92
34633.44
4488.80
34278.66
18578.34
40164.00
54633.60
42669.12
23803.20
44040.15
16187.05
26247.60
27805.00
25525.36
34837.41
54045.09
12946.68
47661.30
40335.29
44651.04
55039.22
66521.56
12341.04
52022.60
4693.92
21231.10
67939.44
18533.06
54199.84
3684.08
42916.85
7393.98
16220.16
66096.81
22767.57
70234.00
11507.43
55994.07
17646.85
8787.38
48292.20
2578.74
35969.57
3297.48
42285.21
13646.32
14158.88
39014.91
7958.35
49781.76
34201.08
39505.16
22391.40
24297.60
28297.36
25844.28
10108.62
80454.15
33915.64
39213.72
68632.78
80538.64
65337.30
15155.90
25525.17
63147.65
37427.78
34854.74
55703.28
55939.40
37608.48
41539.68
4961.28
57244.25
47239.50
47958.12
69855.60
27276.64
53848.64
21451.54
16968.82
71400.48
60208.32
26644.80
24909.04
72743.93
39813.12
73954.20
21713.22
69878.96
47781.17
72769.26
25194.40
44939.56
14848.99
57075.75
24586.40
65493.09
6995.36
85879.24
14126.85
60543.36
50576.46
25311.30
58441.74
50573.10
10041.57
24699.74
19572.80
41624.10
50679.72
17667.20
40217.25
24609.76
65190.09
34336.75
41535.47
25632.88
58302.00
45047.04
3057.30
44026.50
73391.97
1064.16
34478.20
29518.97
34083.45
77739.70
34236.20
32386.32
47446.84
49245.57
45503.28
57817.68
46030.14
1875.96
52837.86
35069.70
16592.85
12964.68
69649.98
10361.16
3499.68
63685.16
34169.54
39521.92
18058.92
42885.90
31413.20
51309.90
6501.90
1575.66
66499.65
36474.55
75054.72
54260.22
46414.50
50208.20
5820.36
26488.08
26667.22
46669.50
34827.80
72728.26
42364.39
68328.48
8661.18
22158.75
18141.24
56410.94
11534.18
48806.06
42204.24
54929.09
7477.05
69726.58
42701.57
10637.20
42092.80
1918.10
12843.60
20542.04
53189.80
24732.00
18336.37
57173.16
61472.60
42727.33
30584.11
35814.24
81400.05
83991.86
30976.35
26641.86
22760.92
20755.84
28862.08
80604.48
20444.58
29006.24
39373.92
10741.70
47903.70
67186.56
25753.17
27054.00
51444.90
3321.60
64913.40
8694.15
10006.64
48083.30
40250.56
39202.80
18932.16
14903.60
36579.90
2634.80
12829.80
23866.96
31782.44
45069.59
27933.44
41864.10
27785.34
48780.80
35682.08
5123.34
18169.14
40742.10
62996.67
53095.50
25206.09
47794.56
18415.60
39371.40
15172.20
33323.28
29043.40
7943.35
33278.07
13269.08
15514.29
55982.28
6608.21
16089.22
12773.70
46003.21
36140.94
36898.60
49453.14
1174.26
54060.81
40410.29
31457.92
59868.90
50364.21
19388.52
57000.45
43415.19
24245.34
49690.90
52192.35
20459.45
16447.40
26235.72
56514.85
23124.36
33025.86
56379.20
51386.94
50452.64
45155.60
48046.44
68133.52
41399.96
9059.50
38265.25
74758.00
58574.88
65081.25
32180.83
14761.20
32257.50
46042.72
12052.90
43035.60
52449.42
73476.80
56687.40
42958.08
70274.50
56632.94
32935.56
72597.61
41986.35
63135.96
40352.63
71707.24
16184.51
38729.28
63915.62
70636.96
61952.66
32217.66
65299.47
11243.10
30127.92
3025.18
21873.56
47952.00
23669.53
37245.60
45522.18
38320.92
54336.35
46186.53
6706.28
16523.64
58669.56
28150.00
22989.30
52696.87
12529.56
4537.80
20866.78
70183.80
17490.60
54103.05
67228.52
8472.03
50246.13
1604.68
30723.48
43927.20
16937.73
4492.74
55403.04
30973.32
22914.57
34168.40
24700.95
21303.49
38608.56
9628.29
28471.20
2732.90
5535.95
56512.72
20646.08
30649.13
1444.54
39380.31
41654.10
13830.15
28410.90
67251.03
43639.20
12234.74
26656.84
59495.08
31749.12
39608.46
77024.64
74998.40
32029.63
62061.56
53386.68
38575.32
86058.72
24146.16
57980.23
11100.12
67929.04
64684.06
22595.64
64787.62
82586.24
61192.08
55983.86
8142.75
11339.82
21433.62
18200.00
22263.80
66670.20
45724.00
36228.28
24593.03
42315.01
10525.13
11471.94
51000.18
91896.50
28259.40
62381.52
44696.97
55942.45
47526.75
71403.36
24248.18
48263.00
14679.36
54659.00
12989.60
51293.70
46418.14
17748.60
30568.17
11243.82
1177.26
11962.80
25184.32
12217.20
38790.75
40410.24
46838.40
12145.20
44112.25
28943.20
88845.12
49131.90
36704.88
61065.00
34547.41
6721.20
1301.38
80630.18
14951.60
53516.10
70314.00
14375.04
16880.82
40798.69
46439.76
22158.75
3741.94
53531.97
6883.32
6456.85
36638.75
25346.55
13189.95
50677.76
9044.50
34299.72
63877.95
61382.93
6454.07
39471.90
41461.42
81828.02
19572.21
42366.00
5629.96
3271.44
30956.40
12723.50
36113.44
41581.70
81828.02
60186.40
68080.91
1884.04
1898.08
39100.95
49299.54
73156.80
47569.17
16184.68
57402.80
61072.37
59859.80
37167.26
18925.71
21929.40
42634.41
34442.45
34075.60
11333.88
10709.16
6915.24
18307.98
21137.00
59095.45
47787.09
58482.56
12532.23
40480.00
29010.60
32951.36
43754.48
29095.64
66956.54
20657.98
15218.17
30956.40
18304.65
31458.50
48499.52
59800.14
5290.70
25707.00
34329.57
8585.28
28786.32
29356.28
13734.60
50326.65
55648.82
91871.52
74197.49
55658.34
76854.96
10076.64
9169.60
6354.68
5694.04
1612.70
13612.56
67139.30
24113.04
6498.96
30292.00
40875.84
6326.68
59222.40
38114.44
26116.32
53415.68
42836.88
8943.48
46714.16
17358.70
11126.97
69260.10
53376.76
5255.49
27779.10
50741.12
27101.04
11616.72
57837.18
17009.73
23124.22
60140.40
51303.12
12461.12
34198.54
29070.40
13577.52
15721.47
22120.75
11892.56
84858.69
40463.86
77477.40
32848.20
20209.42
15929.34
75118.40
23655.16
17526.60
19996.42
78342.13
49745.39
66955.20
37128.00
4264.50
38606.48
80284.50
4222.47
63367.00
2360.52
56099.20
11925.87
80631.10
24181.96
78761.19
49218.08
25646.20
37062.06
33535.20
62817.00
56594.72
54111.54
85649.24
34837.70
4841.10
32652.00
12655.23
58093.92
66955.59
84682.32
5081.44
29687.46
31925.49
8804.25
61802.13
71132.49
29376.32
10679.27
55258.80
7512.90
45808.64
62153.91
75450.76
2394.58
11273.82
53496.00
35713.00
11292.00
40452.90
51849.93
46304.72
30484.66
28289.88
44357.60
31756.68
50203.04
11616.60
85904.55
25189.37
59005.76
60717.36
18089.11
28831.00
12949.92
55500.00
12793.80
76832.31
67901.40
83157.30
79940.18
30812.30
54823.95
53473.97
15473.64
16901.64
10980.12
7896.56
9009.68
26071.71
52723.80
7728.15
6565.08
31650.06
45545.82
26514.05
1158.25
35462.88
14731.05
9845.43
39306.24
77217.60
82365.80
51245.46
34854.74
4657.92
17628.40
26361.00
94499.00
30061.92
68613.81
28127.70
20587.98
33100.98
24402.84
42705.00
53469.42
76762.50
54658.38
3228.48
65127.80
3621.90
85840.00
73084.44
30693.32
33132.19
37299.33
46514.88
68712.48
52404.12
17776.85
29983.36
32127.84
47164.14
31493.40
5101.48
94098.00
63475.68
44571.75
32441.50
47678.12
43893.90
31078.68
9330.08
15075.06
3697.84
78335.32
20181.80
63427.32
46153.30
53865.38
76748.98
14255.00
37560.04
69373.50
41714.40
18361.80
50203.05
5742.04
29326.93
63241.50
20988.66
4045.32
7002.45
53252.10
51102.00
20713.23
45451.68
29203.24
10775.52
16299.64
26089.14
22199.16
4316.68
4027.26
44687.52
35570.08
43876.50
7397.85
5100.50
55859.85
50985.48
40134.64
76257.54
14433.30
41343.40
35226.76
34336.20
23951.06
56742.63
10685.22
38825.60
54853.11
9635.22
28149.64
36654.64
5243.49
3300.54
60263.64
42469.75
27617.70
1886.98
64257.20
46209.20
5658.18
56649.10
33867.06
79584.00
83511.95
42319.50
984.06
81355.50
26647.31
24954.40
48711.00
45948.96
66891.93
64538.04
65634.09
85448.16
3852.20
3546.78
55558.20
41848.52
10985.46
55498.08
52954.77
55409.40
33316.19
3748.08
10801.60
69570.93
17045.82
19869.00
25373.86
10441.30
72303.66
41354.54
30888.99
41141.32
19400.52
14645.82
26655.86
27639.48
35595.44
55995.80
33785.28
13081.97
43542.63
25046.64
60103.60
14920.84
7224.00
71093.10
10211.00
26812.26
27991.92
39702.60
25902.83
1958.14
51354.36
49521.91
59426.64
32163.66
42348.80
6234.60
12662.91
18317.32
47852.50
38436.30
46627.76
45372.95
61966.50
28913.43
66528.50
53028.17
9562.24
36519.04
1658.75
25393.50
7312.70
67597.06
19820.79
38421.80
18529.40
45295.60
7507.84
20118.84
71561.88
33388.92
30159.68
3261.51
76784.64
15947.40
14307.12
3123.39
56100.00
42044.70
34560.96
13560.69
31773.40
15577.64
66643.20
9359.75
20856.88
22949.08
5285.60
36018.85
39942.00
41456.94
51894.72
1016.10
72616.05
48151.43
5420.67
79508.70
37952.32
991.07
58826.95
44207.04
15318.66
5132.40
74283.30
44820.72
6523.02
11429.11
61521.75
66402.38
70638.06
31650.24
61151.68
68800.60
25965.54
6827.25
67680.34
44663.97
4540.88
37559.40
5516.76
3727.90
25515.60
23164.18
35073.15
2784.03
37843.41
12697.68
44189.88
9780.60
54442.08
12361.23
65679.75
14289.47
8457.00
48812.00
38597.48
33722.15
26341.14
43005.47
66120.29
18964.32
52280.64
28110.42
20021.60
22420.20
48381.75
1033.13
48532.80
37599.20
37619.40
55189.75
40299.18
50993.40
64719.50
49218.30
31810.56
45712.32
45264.32
54509.00
86741.50
5549.88
62231.52
34922.00
42152.51
48688.50
42210.95
56861.00
985.06
42412.00
59488.78
52558.90
66011.50
61383.32
33817.53
67187.44
25508.00
60114.27
58617.72
1877.95
29857.00
31113.60
23954.16
29704.50
30048.64
52171.90
52748.10
74177.61
56056.82
13729.69
34677.72
21262.65
16507.40
8838.63
21334.32
68015.06
42137.28
25572.00
55760.00
33380.64
41196.16
30150.12
43906.77
63714.30
57912.50
11604.33
24954.60
41203.80
34262.00
39282.40
19495.90
19401.20
37558.95
35377.82
12100.88
45838.64
31110.48
13757.58
2610.78
42813.09
14238.88
62561.88
11602.40
14250.45
6422.76
17898.70
25481.70
10013.57
21007.35
24355.50
25815.72
25595.20
55613.69
34113.86
48976.20
75627.20
1711.80
16370.10
27769.45
5676.24
44923.06
23609.74
45542.52
9304.75
72961.97
14547.82
57078.20
69517.67
21082.20
12193.10
73787.28
26517.75
12466.02
23024.60
18569.60
30609.04
56567.16
14943.60
22332.20
10911.80
40880.69
8478.85
70195.32
52225.13
13110.72
43840.30
18107.38
16303.68
67666.95
41203.40
30515.67
46741.68
15164.38
51061.76
34176.60
76331.00
86340.50
34525.80
43277.92
4051.29
52543.04
32058.81
19634.72
77168.52
35397.70
44387.69
48509.64
43135.88
53658.00
45745.92
29991.80
31959.49
62065.20
13854.60
27909.41
42494.50
19265.40
58309.56
32340.35
70856.26
69570.93
28549.40
4108.38
58129.56
8499.00
26692.80
38985.92
66366.70
10391.30
8258.70
14739.48
27533.16
40940.28
22703.85
85454.10
52120.38
21487.80
13621.41
63850.64
9180.10
23028.66
74287.49
70624.50
6422.72
24970.40
13424.30
59012.55
15756.60
82841.85
45200.00
31634.00
65757.72
32235.00
28299.78
38556.42
22464.24
43595.50
21875.58
68966.58
32836.98
19140.48
61263.92
42569.82
3483.64
3203.36
49051.52
37857.82
41126.69
26908.80
19806.93
58878.00
20141.80
41540.84
12501.28
44003.96
10243.98
90995.00
62680.45
2868.12
23482.41
5736.18
15400.32
5075.45
32977.36
17244.90
1720.80
64928.62
46381.50
5730.04
49754.00
29641.19
11692.40
16007.16
42494.50
57565.55
28433.88
18791.89
24682.91
67830.80
12830.37
23825.06
11695.32
53473.20
21759.54
13384.70
23176.64
56665.21
32486.72
29678.51
70514.00
40928.66
23600.53
9724.26
7287.70
49245.57
8836.45
71958.95
18199.62
6562.00
50901.76
33410.75
37965.00
47290.40
77019.84
8037.61
19806.00
39971.80
10467.20
26803.20
66535.20
25569.18
38286.30
53291.19
34521.37
38232.26
14370.03
18659.84
91395.50
38078.04
20067.06
17718.50
33131.56
13694.32
41087.40
54867.30
24842.84
27365.28
28422.48
18051.36
35437.44
39042.51
70754.00
53878.44
47121.60
40584.92
15136.50
53096.49
82976.85
35091.86
5261.49
25227.09
33921.45
7432.90
21238.72
40741.86
55679.04
78787.80
16112.40
45107.79
45588.00
15901.74
30104.13
5290.75
36662.64
1591.68
23448.80
42949.57
14806.20
28251.13
56435.04
74460.40
90107.57
37238.80
20316.12
9898.38
55228.95
7147.52
54672.28
54867.30
1305.39
44150.99
38767.48
68594.76
17156.15
1452.55
20014.05
54739.76
27101.28
48558.43
48535.68
7359.68
40096.29
11093.64
2038.20
67421.97
62771.94
24819.12
36410.01
24307.84
71002.80
57338.09
45852.84
12872.44
81715.05
57260.72
17360.46
73661.70
27172.62
36569.00
6138.66
14271.04
9928.71
76996.77
45744.62
59293.76
3573.74
40015.80
31612.81
10461.30
6951.28
7766.28
70938.39
47324.91
16726.60
41774.20
27332.07
5321.68
32002.02
26080.34
40741.86
44887.88
31442.76
2901.15
39353.58
23531.53
23543.30
26219.68
20643.84
21682.95
11004.12
17298.72
19124.32
70466.34
38226.30
3231.40
26653.12
9414.85
46624.00
33695.28
34673.29
9054.81
52863.16
62804.12
52120.80
45405.68
16914.24
6138.48
73425.44
39899.79
42252.21
65023.09
8640.45
1036.12
16269.68
7526.12
5642.88
54766.75
14583.20
48611.43
61638.60
23543.30
30537.48
39425.52
37965.00
27942.00
50537.76
30513.00
82995.22
9183.66
4605.05
5994.36
34814.16
22171.24
16439.85
3339.60
61699.40
10581.40
52687.80
18179.00
18640.33
82409.80
9736.26
5886.35
29662.50
35007.44
38495.14
58063.74
23680.27
46955.04
16972.20
58061.60
50939.79
53385.60
20242.00
56019.60
52957.04
37262.33
16205.16
30159.52
60128.96
59182.40
31669.44
1145.23
988.07
8138.64
50975.19
7383.72
23965.60
59153.88
25227.20
68512.00
49556.48
46927.14
37191.36
55182.75
27729.40
47425.56
61763.10
71096.10
1224.30
7728.40
24346.00
92446.00
45697.75
9217.92
12090.26
17403.75
7958.40
18037.03
49734.24
2200.38
72844.80
75806.13
15095.76
14748.48
47058.30
44904.72
1938.12
12870.91
67373.67
23713.92
68526.01
25927.30
61588.44
58021.56
8042.58
15478.20
25450.60
13021.68
52743.87
79000.32
48616.06
906.00
42398.51
18459.30
80032.18
64629.64
23048.48
33472.96
74598.20
21064.50
22751.64
40910.94
26229.94
33439.56
25704.00
27555.00
25975.35
54804.42
14845.70
7820.28
9915.50
38729.08
15364.32
49354.00
49245.32
28544.85
1160.24
53396.70
73256.08
20898.27
47474.75
40568.55
51799.44
55342.48
68985.15
62099.52
51327.94
53984.88
86288.24
32543.80
68792.40
24963.12
6985.50
58527.07
22423.84
41109.72
32175.88
17081.91
80628.48
90911.04
52345.65
58522.62
20289.24
16540.55
75319.20
7603.05
39017.28
9064.50
49918.28
3589.78
15160.08
17718.90
48759.30
53778.81
32962.80
14078.80
35527.80
80164.48
45258.00
24795.18
68213.75
18217.80
48856.50
20305.34
16547.40
18791.89
9820.32
42165.63
45648.32
54114.72
3564.81
38966.25
47652.00
19340.70
26832.90
21681.12
3107.28
23014.86
94248.50
28499.85
40243.60
4889.20
29823.24
11450.11
29613.97
41696.70
22409.66
60636.22
72436.50
18611.84
9304.75
22824.32
69238.35
37705.23
28198.80
14130.30
25316.82
13358.00
31832.32
8901.63
5505.84
88342.50
16758.18
32084.00
54741.35
55098.48
3075.24
24596.10
980.06
39049.17
37146.00
51606.72
17588.40
6490.80
21423.00
58390.10
47398.92
22728.86
81321.10
23785.96
2552.72
34980.96
56248.80
81986.50
36759.00
46799.98
23957.96
25800.88
62351.52
18411.25
87441.50
67270.40
18740.10
30785.17
54854.72
41954.40
28892.62
22158.75
38450.48
11606.54
36935.85
61245.32
2919.08
33271.56
72105.18
13135.86
23800.05
72235.20
32206.44
29333.05
44283.15
42380.82
16087.00
79571.72
1816.00
32122.16
47480.17
15724.80
19208.41
56993.06
57871.91
61269.12
66741.84
54854.52
9119.50
41558.55
42745.44
38197.25
58273.38
20322.20
12622.41
62667.00
56718.48
16607.92
50813.40
36294.72
38849.76
59619.00
20866.67
19640.85
1698.79
8368.75
40755.12
69961.32
32836.65
58201.20
46284.35
30560.04
23334.45
43120.25
72395.60
47603.66
21358.44
57165.06
24001.56
45189.38
44982.00
35176.80
66525.81
34656.00
48723.87
72250.36
22860.64
5480.95
61552.44
38552.25
69398.79
64417.86
39353.34
23223.89
91186.55
57743.68
43598.72
61851.78
44477.10
13470.16
74779.00
51202.72
31033.79
45157.32
14655.36
45996.72
38751.65
75010.32
48955.41
1193.28
29983.50
46453.32
15379.11
72456.12
56642.04
7599.92
60236.68
15640.80
62140.01
62631.65
6264.78
78742.80
56722.27
67550.80
30488.94
8408.96
29032.60
93047.50
33040.19
23922.99
44181.41
50880.61
45720.51
2806.98
35517.20
31894.29
30128.16
60243.58
29406.72
963.04
32698.80
31233.25
28016.83
76039.20
36387.78
73111.95
58186.07
39864.00
14042.21
41949.37
20289.24
2514.70
28975.05
65192.04
13170.17
70663.71
11892.60
75199.20
40362.48
45970.02
33777.10
70791.72
11703.51
35612.50
32410.35
13404.20
35045.44
51174.90
40683.78
57077.84
16748.55
1968.14
30933.30
78022.59
24281.60
67737.30
46891.95
52001.10
35066.03
74526.72
39345.24
59390.28
34725.76
45632.16
26348.20
1511.59
18547.84
29119.20
37673.99
33670.00
30921.12
13406.52
977.07
1482.56
1776.85
10728.34
4348.62
10835.40
55082.14
41010.96
55386.24
26759.16
43047.30
51360.40
18907.57
50861.99
25210.40
33065.70
40004.79
16327.20
22263.52
16301.40
69414.54
48800.33
44221.81
29263.90
17046.54
67743.67
77532.00
26342.93
66454.56
53005.50
11843.00
48644.70
56188.57
32150.72
58465.07
48099.48
10318.86
63743.97
39822.12
36137.01
3483.75
2953.12
47339.06
47188.32
27793.92
36242.01
14120.08
12599.16
36404.20
24301.50
7195.74
75108.72
54586.56
59047.98
40435.52
7399.76
20686.47
8715.24
33515.10
36788.64
46579.98
25050.56
12746.37
40040.66
16831.92
27027.50
22787.94
7496.04
19324.90
44091.52
14583.72
9866.43
48272.49
54381.96
52085.40
2887.06
41330.94
44355.96
25100.64
69032.40
31193.81
26616.52
14679.72
30975.21
54345.33
46694.60
33785.46
71954.80
14673.82
15496.30
51614.80
8913.42
76160.16
61040.01
43776.00
13378.43
27841.24
56067.27
33630.30
38419.23
41183.86
18115.24
5174.43
21683.40
21554.68
11333.82
64628.64
17058.12
2210.38
58931.95
48297.34
58382.88
9370.00
33785.91
48197.30
16133.51
8469.36
64039.97
18163.46
76256.16
55450.04
68232.00
14847.60
24710.18
11142.00
7057.50
26577.75
22843.70
2426.60
68328.48
39536.16
40082.38
70009.92
40521.66
35894.88
40324.24
8914.30
58268.80
28960.00
64508.00
53914.08
31750.81
16818.00
33037.77
45407.88
47747.48
14800.32
6102.60
60694.93
10098.00
59173.02
13335.19
3964.23
3787.02
48513.43
40137.90
71421.67
17539.04
72931.95
11256.36
34434.12
37514.75
32899.10
23054.08
40565.07
47199.25
5628.06
47210.80
30860.55
44928.40
76039.20
59429.37
20728.47
37902.90
60123.03
11100.12
55028.88
17828.60
16117.50
50110.11
54679.35
48651.03
46949.56
74147.85
47632.32
52536.00
62738.91
1340.43
15235.02
49110.57
44531.52
49224.06
12733.60
52352.18
85557.70
11612.40
21719.88
31789.32
36618.40
31995.81
40063.47
18115.36
34145.11
17936.57
63559.08
47380.70
44922.00
84588.50
24726.41
6470.84
10665.20
54402.84
58198.35
35050.62
13804.60
33244.92
51345.20
3689.86
10913.40
42802.08
80388.48
5489.84
35016.96
50646.72
6426.76
4759.98
30019.45
35137.80
85274.10
52064.95
11876.64
84268.78
48038.70
35969.57
21831.04
41211.71
82798.73
4240.56
41305.47
8303.70
27238.21
26333.58
20182.00
56163.80
53516.40
10989.88
13064.00
27914.10
39198.51
57440.80
52345.86
3684.00
66684.30
15072.84
56592.48
42339.78
2026.20
23566.27
25299.36
56375.67
10462.92
16467.64
23565.30
4820.10
12733.36
60799.68
1256.33
67501.59
72626.50
21713.40
62505.45
44647.00
42320.72
66118.56
29785.35
26367.75
35965.85
26472.90
53386.97
40362.88
38263.92
18938.52
25371.60
29245.32
29119.78
61843.78
41082.20
12810.00
34260.48
29312.32
3703.88
44761.22
76662.98
72186.68
63132.70
23818.83
47758.95
17434.62
24973.60
11260.90
21160.23
18403.84
13180.79
52585.08
31097.87
49380.91
55543.95
42872.36
20397.36
13054.77
31251.10
50242.80
84589.00
72645.93
53271.82
62370.00
69555.50
16087.00
79183.50
6902.49
3396.63
62616.60
74099.61
43981.40
61682.33
36657.44
73032.82
32224.80
38315.75
3925.17
59495.48
24544.45
86827.20
30881.76
36879.12
51489.76
10821.70
40299.66
64118.00
88460.64
1567.65
37871.73
35006.92
30920.56
28301.60
29669.90
931.03
47953.60
5235.70
12385.44
67190.80
67216.30
24567.45
49075.84
34019.64
47291.66
38659.53
26052.30
20600.84
33960.96
29743.68
22003.24
38716.30
31779.66
22792.16
14895.70
47029.14
76400.10
20217.12
23292.99
17222.26
25502.50
10424.16
35626.44
55068.75
47923.48
57146.18
9604.26
32130.88
19508.86
66695.11
66575.97
7245.84
20755.98
44351.19
23473.44
63354.24
50262.28
18980.40
7028.56
2995.16
67270.40
56851.52
56458.80
50380.65
62114.36
37191.36
11584.43
46523.50
82656.48
13664.69
39186.84
22396.53
37359.90
43277.64
82702.94
64916.04
33495.20
24003.65
40929.03
6402.90
31810.08
61512.36
60964.68
28441.20
28105.00
63607.05
24250.65
68632.78
1681.76
26140.32
35033.44
79187.52
61521.78
34266.12
27690.00
78066.90
40938.72
34657.20
33224.19
21323.78
70738.80
54114.35
42990.64
34943.82
3357.54
59424.92
71794.80
5766.15
59459.79
51005.50
1832.00
17000.64
14289.34
14612.51
5958.48
7496.04
26894.31
45313.32
46420.92
35185.41
11069.58
15796.70
77160.77
5802.36
35437.68
13221.84
21702.37
8883.36
62837.42
59029.92
81327.26
8505.00
29299.59
69633.20
54107.81
37952.60
12829.92
31778.56
34122.11
28430.75
47427.23
9698.40
16469.19
27245.68
36698.20
6546.84
34415.89
37508.02
54089.73
50101.82
60496.32
45682.20
21527.52
1623.70
68946.15
6751.08
17640.48
26442.75
40657.68
39550.16
51534.72
55069.80
73162.08
38376.96
18079.46
32461.03
22284.00
37597.00
9458.16
80772.48
68489.82
19466.58
23755.20
72315.14
41456.20
46002.33
17052.53
3029.20
18121.32
28035.92
59382.80
12452.02
14838.66
44719.36
56106.45
56969.40
60784.40
42802.20
17939.36
32611.52
70870.80
39969.86
5245.56
23118.66
47419.80
25856.83
3862.11
47499.40
40742.08
21694.96
28983.64
60929.01
7479.84
62546.00
10420.92
76646.22
48856.43
27347.90
45975.33
53444.68
1904.06
41426.22
6426.96
55121.34
43929.36
1268.36
46705.05
46381.53
40718.00
69823.50
1692.78
20541.60
14631.68
58617.72
19921.60
50490.00
12003.60
58205.64
16830.18
9165.73
48603.50
70824.50
30240.79
48693.81
45448.80
41449.10
11244.06
25164.27
9220.10
32194.56
8823.36
4472.80
29989.77
43787.25
38911.53
47661.98
25707.84
25850.37
43100.36
30788.78
13288.95
18709.60
11814.39
70595.63
31001.60
31912.04
55227.91
2174.36
37552.79
84136.32
52229.86
50109.05
62738.13
46083.67
36758.20
25226.55
76280.00
40458.72
3215.38
28955.64
76730.22
75319.20
37039.00
27620.07
42554.98
46708.02
6772.20
13352.04
58299.42
65133.25
18349.50
60396.96
17988.80
43515.63
74333.70
3341.52
56732.26
61594.75
54435.38
55871.27
37744.08
65673.30
43694.19
86891.00
37089.90
77529.77
90575.04
14647.36
50840.19
72940.82
43446.31
82013.80
10947.60
48723.20
93148.02
10252.11
40464.29
39048.94
62057.16
37542.80
5090.50
40200.09
12685.36
37280.80
24966.60
27649.20
66078.95
43765.80
25927.02
15932.25
41244.80
13204.00
30438.43
65869.56
36080.00
50448.02
81828.02
17648.21
30831.35
65428.80
57748.50
56314.88
59363.04
27560.67
49402.92
31461.12
34949.44
65141.09
26258.71
5353.72
19663.67
70373.63
60298.35
52649.87
24088.22
25778.00
7464.24
66148.95
5922.28
46458.62
36138.00
1866.96
57906.45
8571.06
1107.20
28930.40
44165.73
56225.57
45722.79
81413.56
