15519
6731
6370
214
2403
1564
10617
430
1904
12845
2938
18310
6215
8804
10857
12393
3754
13964
18206
14525
9478
16308
15190
7926
15724
8271
19793
4417
275
8582
1162
6134
6052
13747
3392
8837
8942
16955
45
16194
12090
8518
11992
3077
11977
2263
12679
1291
17584
232
18659
6784
2059
5452
9437
8596
5970
7382
139
11512
17349
2164
2020
17360
8752
4062
17831
707
17518
3498
9473
8276
10257
13925
11521
10418
13727
3751
9207
1851
6413
19616
17981
4574
3714
5566
6194
6592
3444
9665
10326
19564
12308
13539
11948
4957
7770
4022
10975
4471
16718
8712
12377
13409
10834
6203
11598
4615
3803
5344
11829
16334
13842
8892
16924
18233
6116
19466
1043
2844
2903
10683
287
18517
3945
13514
3138
7705
16857
12882
174
1186
11564
6913
16751
4426
18903
14045
11906
11442
2809
10344
17628
11735
8986
65
16465
18826
14401
3518
13311
10821
19835
15751
6701
13625
11500
1479
8639
2008
10281
18929
16755
12071
3682
19265
12609
19083
9131
1849
12551
1753
14751
10890
304
3318
16163
5852
13919
15509
6489
16637
9966
4503
10118
17156
9702
16137
11026
19640
8292
14101
9264
15396
9388
260
18353
6600
14515
5618
14899
16783
8459
9385
8545
8545
13506
986
9850
17711
15583
1794
4147
10588
5607
1523
14806
1038
10196
13208
13400
15012
10861
18997
16638
9386
5001
17193
13057
19822
14608
759
13184
14124
9691
13781
3731
4064
11796
8294
11797
16534
17411
404
8358
12891
7853
17695
15518
10540
18587
19491
737
917
1893
3393
15836
8336
19813
5676
8824
11840
12912
14623
10620
19612
16177
13292
3596
14647
9878
16199
2352
19534
19221
15589
18274
4123
534
9529
135
6567
17396
11846
6047
9699
19119
6008
5870
2396
8456
14290
5065
11639
9884
7841
16190
17328
11180
1700
3944
4629
536
12893
189
12375
12257
13732
6088
15357
9925
896
18641
11727
5962
19751
9135
1529
6063
442
19216
32
14044
15250
4367
1268
18325
1161
3331
3744
16363
9514
14273
19948
15880
18514
1879
17910
1948
18374
8484
3455
15672
4214
14351
4172
6377
11931
14755
13432
7708
11681
10270
4948
19387
5813
10668
3053
6109
466
11396
9603
4522
10747
11801
5535
12428
11315
18582
16481
19003
18996
16871
9656
2863
16129
8292
16598
1116
13147
8999
16724
18267
17845
6335
18151
9206
13141
16645
5303
15241
6813
13009
13667
15280
9640
5593
14832
3259
12781
6449
18930
10653
12336
18327
14194
12766
12464
8494
12159
9357
11087
17411
3956
6922
4420
13109
1856
107
3483
15270
6420
7050
876
14841
10089
16108
4756
7480
7292
12374
1598
13307
15182
17067
17599
16163
13189
12520
17236
2681
16905
13729
15191
10841
999
15766
16159
10630
14253
5627
7805
15273
12954
3203
8614
7656
11464
19792
17514
1315
9575
2573
9432
11760
15649
2723
4836
17002
5215
1865
2065
18579
8101
11196
13735
12139
6115
19583
3822
7870
3270
7976
8775
3014
3195
18336
16481
7631
9688
14953
2798
13689
7544
6704
13592
7187
2810
4655
9190
8210
18881
2285
17942
8247
6416
3202
5077
6174
12163
7872
11746
1282
11537
10402
14761
18215
10861
13089
10870
2498
4456
15540
4094
13220
2335
16472
8317
13318
12199
7002
19636
18596
15897
295
10590
4627
905
15093
13848
16955
17019
8459
7079
13635
18135
19655
465
19
5672
9300
15276
19507
18874
6522
2011
2348
19031
2379
15882
16109
8649
3310
3657
13761
2589
6324
15555
18703
15062
3215
5905
619
1262
16672
8492
17332
18445
6339
9253
10011
7493
5641
5027
14031
16775
14437
11963
12944
14125
18854
15358
19731
6554
11080
6790
11762
18521
14575
9437
18928
1686
8068
11955
18496
19487
6613
3895
8774
18821
9003
7835
18502
15831
19411
18690
16697
14696
19531
13625
10455
9300
42
17948
3148
12520
9948
9432
7005
380
5363
1226
5017
16245
4475
18946
13315
12983
10005
7975
4930
8494
5024
15970
16943
6923
9541
471
3364
2704
10898
12673
2975
9874
8918
11449
1631
11218
15289
17219
18966
14239
7050
10137
5829
15646
13664
17581
9927
467
5098
7767
16233
7283
16513
7593
14213
5899
16737
2323
14764
14962
14554
3656
14249
19807
9746
4289
19176
18999
384
18833
11622
19663
15474
4265
12381
17913
12130
5518
14249
2236
8621
19725
16850
10723
16212
19292
13899
8931
18546
11367
15929
14577
10251
12709
12769
15738
7943
5663
9786
16801
18182
19721
18702
16970
14079
17484
8449
351
4874
4347
18753
121
6522
19804
18641
9040
10131
9540
10156
19190
10001
19197
19146
19582
1787
597
2450
4650
11164
4807
17507
15908
18012
5329
699
16051
640
4127
7741
8193
5270
8301
8512
17984
5365
9932
1001
15009
2806
13301
3951
18266
1604
14781
1500
17616
11982
3164
17325
10710
7184
8427
17503
512
9462
270
16356
7315
12187
2565
14257
13276
13092
15660
13171
5341
9878
12530
19838
7552
3752
19783
5663
4642
7536
10476
15975
9034
11657
15488
18023
7923
14242
1163
15
10295
4742
5356
11184
16118
14412
696
10644
18457
18792
8354
14068
5657
8735
13371
2825
9479
4316
15708
18832
12966
9795
7931
19730
1919
8604
16840
13571
13880
16791
2866
6744
12106
2450
12422
6228
4607
4911
18585
9640
5460
10797
18992
12748
14250
17338
3868
19763
193
15167
18749
17687
10889
9045
18317
12571
10119
16016
17852
4825
19217
6009
4607
8498
17971
7078
11909
1343
19854
11463
7413
2112
4523
4262
1776
11051
11722
16484
6437
889
824
5541
4105
16707
16815
4778
15178
5132
1173
5404
1034
12868
17422
7304
10164
4481
1730
6423
9964
16324
14456
16620
3979
1679
14606
8133
4377
4827
1214
9920
11790
2741
6456
13404
5720
1213
5830
10700
11622
17478
11793
9047
9694
3348
2528
19699
5660
3528
7965
5631
15200
18736
19316
9749
19894
11224
5679
5452
10721
1702
17934
11656
2122
419
5896
8441
13155
14769
1690
10532
16088
5991
3797
10473
4722
9105
7411
17448
215
3993
19076
14549
13698
497
6449
918
3075
13048
17230
12871
16507
6574
2320
17240
16262
4744
993
18041
14176
1015
7241
6008
19876
11718
265
1834
18094
19807
12535
4357
18326
2083
14934
6825
2245
3722
3686
15595
11242
12570
9923
13543
10496
12782
11188
9956
3124
2855
2512
3096
13614
6440
4556
16479
18693
8716
19020
12097
19224
16808
8415
18190
9641
5147
13956
8809
8925
412
17759
2884
8794
10979
13807
18922
12219
19548
762
16315
10982
5286
7139
12011
15002
11853
11017
13531
13002
14350
13607
9505
10690
3685
18035
12397
15004
4994
2519
14044
2153
11248
3724
18350
15264
16071
8516
8693
17630
6044
11450
13609
13596
15521
13438
11180
18039
17796
1905
7548
4566
8244
16773
16028
15683
16526
2973
19943
7908
9118
18177
14643
10568
15036
16182
30
1118
17760
10081
19771
531
9230
4911
7489
2675
9420
13208
13778
12104
9783
3503
5718
14670
4260
10977
1965
17431
865
9961
4185
8506
16900
4340
9113
14122
13536
19184
14273
14741
9611
58
3547
19511
6933
19575
14671
13921
432
8661
3249
1115
17143
7376
19401
4612
4813
8205
4799
7691
15985
4422
15609
10804
9549
9744
4673
14662
16394
12555
7193
3075
18935
246
9113
10078
10592
17778
13046
7725
11496
11203
17874
5068
10489
5651
8379
4829
9692
7407
4174
5915
13906
9340
4786
4137
13189
12860
16892
15971
3681
515
4900
8005
16947
6823
11974
10766
8425
7127
15864
756
9946
16307
15028
5537
15517
12147
6146
5816
104
333
7791
9878
14982
18749
8644
11089
3915
9120
7875
17999
5396
6938
17559
11392
19239
19942
13449
19181
19372
12870
18831
3218
17476
5198
6523
9159
13782
638
9363
15301
15136
4927
7789
2250
2913
15953
5832
9269
10534
13708
19200
12348
754
19623
17743
531
13260
5826
3333
2155
14228
18815
18744
8355
17702
4823
18858
18377
16405
14593
17318
9456
28
6166
17891
2049
8069
13599
17294
5137
19773
10931
4092
9551
1575
16719
16092
15854
12643
7816
19725
6505
4075
339
16210
13380
15959
15718
10516
14942
11369
4583
12835
6092
3669
14001
18989
19711
1127
5667
15910
12450
5382
12356
18605
1501
8013
14239
18488
11208
6418
15236
5029
9430
2191
19823
9755
18058
11769
5369
4361
10723
16853
15360
3260
8338
12003
3230
15376
19606
12336
7288
17069
15524
19346
7290
11711
1235
14820
14080
7775
6078
14308
3313
16138
18083
17787
18059
15617
986
2279
19290
16013
14791
17233
7555
14710
16969
13349
5452
9887
6442
15902
12028
17821
10811
18751
6581
1633
10644
2602
19995
8282
7615
5720
15503
2262
16616
15765
17794
16430
4155
3725
10643
14824
19222
11375
14313
17664
11774
15988
7138
2433
9580
2508
3368
16956
5667
15473
11872
1918
3227
8193
9937
6688
19113
2788
13444
16705
7187
16608
3105
3870
2173
12944
19959
725
13203
57
5349
6741
1492
12265
9106
16800
11729
14397
18698
3149
4938
11179
3055
7197
10961
12448
10621
11485
6894
11902
3365
14882
8139
10239
17715
11408
1978
11990
12271
13203
11390
19070
2780
19471
4955
16808
6710
3998
8577
5035
2483
9218
14711
13468
268
11696
2711
1089
10625
1949
8954
18635
15617
9747
8310
19000
18143
5846
1370
2147
9717
6172
19372
1750
17838
1248
13962
10175
19174
12977
10373
17732
12721
19573
8599
6747
17239
5991
717
2461
8691
6338
2569
5775
249
557
14267
15496
7089
11450
6602
18860
3987
4879
6777
8937
893
7446
3875
4882
6920
18264
8502
5138
18273
5803
10033
4151
3328
2368
9233
18533
3069
8221
19375
13681
15307
4771
19036
5402
19088
10831
474
13576
2845
3524
189
11017
8222
17766
11699
17141
4313
3847
6849
14605
16616
17438
8989
18281
3820
6521
4157
14042
11322
17424
2010
14183
17970
5855
18258
11409
17357
9948
9629
7019
18914
11893
12268
7559
17795
19052
14792
17617
5617
14108
17791
413
4707
17164
1857
6747
7591
16969
1242
7017
8902
11380
7607
8409
16893
10787
15237
1838
6291
11302
8576
7227
2166
9263
401
10878
5171
584
14898
3016
5598
14287
15444
18648
4295
17038
11731
17216
15090
15428
5675
14012
4641
7710
18435
6400
13348
16881
2027
2117
9495
5812
19432
4774
3996
13164
95
7416
19078
12793
992
7838
3142
12138
18529
14889
9512
12360
17731
12659
19622
1542
13832
111
19272
9379
7446
10342
12370
9309
3481
9654
9211
2055
11191
5242
16583
3735
13483
13971
15595
14942
5301
3469
6698
2977
19443
9204
8804
4151
16541
13612
12346
12521
10439
16407
2635
19809
15695
16543
16132
16103
946
14030
18394
13827
5092
19588
5236
12342
440
9819
16090
15126
16890
7293
11045
2394
11968
13552
3359
6543
14589
15489
11773
15546
13852
9542
726
13682
5105
5114
4891
7251
15688
2342
82
2525
4951
3187
14414
741
9343
7298
1174
15650
2414
6019
14656
14205
18394
12030
6647
7718
16057
8672
3397
11077
2494
4144
17398
2239
5155
8720
870
814
19014
19879
4712
12520
13006
11768
2453
16739
9458
11616
8463
11644
9019
13620
11316
16755
12487
16231
989
18484
3064
14422
1171
10886
5116
2632
11967
6820
15504
14734
1637
12023
17784
2661
6711
17522
17983
13462
10736
8946
15310
19982
12649
7953
2047
594
9956
1244
19586
777
7816
14993
462
10351
15300
16580
11463
11960
2449
8101
13513
4704
11492
9418
5498
9691
11651
14930
18968
2268
12984
17381
16635
11899
9963
1394
7497
18775
15771
19088
4534
10431
11295
6710
2677
2368
11511
1511
2963
16542
10399
6248
15696
9765
7341
7963
1854
15951
5254
16634
15118
17161
13716
16766
14029
9941
5888
6727
12118
18079
12021
7610
18310
19716
11278
4201
13328
19697
9827
14734
4412
10061
5207
16830
16020
9540
5071
1719
8335
3379
2065
13969
7083
978
3620
17733
17963
19263
18306
3696
7257
1737
5679
3318
3542
7571
3954
18372
13428
11502
2976
5031
10503
17765
6778
3993
6790
7247
6479
5206
14168
12762
1388
15127
18118
19867
15822
16971
17628
19348
13606
1708
15770
825
15844
17635
10296
13892
2829
15490
7829
11803
7206
17507
10178
8261
10092
1618
3840
16868
11944
5206
6999
2716
2040
13321
19814
12382
1968
9149
10468
6272
1502
7101
19845
5379
3567
7818
8595
988
10097
10901
5281
17356
13738
5931
14601
6268
12143
10255
7008
8345
19421
12812
323
5186
3353
17567
1381
6086
8471
16528
16841
5477
4890
18134
9949
12815
7716
12625
3774
1854
18482
1944
4283
13398
3430
738
10054
9630
18807
3461
6656
541
12528
8309
7263
15159
11210
3153
16783
4842
4727
2429
12935
6783
13487
4221
9592
10069
3230
6428
12096
11232
11931
12099
17399
597
13345
1036
4445
828
13434
13371
686
19696
8845
14831
1295
8467
11215
14155
7446
10454
2392
18117
17984
13536
9378
2686
11497
19341
4020
5983
14092
10494
8390
15507
19917
15596
12669
16726
6174
5874
7010
12273
11122
16748
18508
16176
19518
18303
5086
4813
19896
13005
13939
18325
16454
6020
5744
9051
14678
18
15956
18328
14439
10176
9148
5089
350
15718
7737
15390
5690
15663
2437
2596
16855
7018
2428
2877
10061
4349
1024
11594
1822
9898
4868
12811
5936
7789
1774
10677
5373
18250
634
16695
1448
16484
1767
19022
9414
15947
14223
12857
13845
8007
5494
5644
12162
15613
1581
483
7764
12948
13806
10337
527
10734
1513
19223
19699
11025
14283
5414
17785
8780
9074
5467
9579
13168
18976
9335
607
17887
7067
5110
5724
9680
7339
4235
2957
16623
611
2268
10278
6353
18090
12337
17742
7777
4783
13978
15982
8472
13431
18619
7814
7081
11716
5965
6955
17321
3798
4768
6384
7563
19395
11241
19539
7205
3253
5666
14512
16390
2790
5211
8587
16053
8073
7751
404
19462
9668
16631
8149
11541
14160
12210
12699
5009
19243
7567
7363
8531
18848
7927
5233
10309
1716
16273
17193
8999
3347
5543
13761
7586
18360
8464
9414
16090
16103
15437
1950
1104
11051
12880
3319
9040
11819
13488
17100
10806
15241
505
13685
792
19784
15847
4425
4487
9635
1368
4098
345
5114
16885
14617
11892
19949
1819
4794
17398
5902
10102
11147
15438
5097
19577
14856
17769
11894
14175
12351
17540
14137
13952
3331
16436
14269
11752
5563
16986
16826
1477
13805
13621
19488
13775
5788
17045
4104
14007
12158
5380
8974
4645
1200
19217
4480
5106
19155
2971
11675
13779
19291
4601
7037
19455
4117
11647
16992
3581
2676
10990
6556
17876
15199
1306
14881
15590
2384
16842
4505
106
6085
505
15861
3415
10053
4208
16451
8503
3572
4267
232
16334
12168
1942
18844
5602
19003
13522
14081
9070
11712
15979
6069
7400
31
16728
13129
4647
481
8721
12553
10255
8997
5251
1682
18162
223
8554
15133
8287
15191
19244
3043
14671
3565
1738
5667
306
8856
2617
1614
17680
16908
4048
4908
14504
18695
5828
5950
6304
16517
13027
9044
19756
7029
16088
4938
16180
10884
1241
8680
13333
15635
12026
10717
9444
12678
12945
16718
3887
4835
1146
15587
7168
4553
12069
15407
11651
16365
9370
18940
175
11574
1670
1858
16450
1279
6745
16041
16575
14843
18259
16304
14349
19468
4837
10046
6719
5064
3104
14772
4677
12356
18533
10470
1320
1040
7872
17263
15422
13289
9353
2053
19412
8161
15836
16569
11336
1027
8788
12068
10302
12627
10949
9993
6394
16105
8385
14020
2261
18856
2324
1106
7689
3358
14384
17482
7060
14221
14931
4509
13209
15841
12914
11859
19127
3626
7921
6819
8342
10597
7188
5742
16216
12255
6406
4531
9007
4768
12773
1859
20
7344
17435
6413
13064
2032
9240
10783
14773
15700
8592
19089
5590
14435
5264
15980
13423
7754
11305
14929
5359
19708
18297
2935
12556
18334
9377
13856
2672
81
7422
16481
11597
17254
19803
3802
5302
15929
17376
16883
377
4592
7113
4184
10752
2458
9707
17252
10754
14993
5027
5221
14721
6558
14713
15907
4970
6436
16676
11846
8908
1499
12083
11122
14363
18885
11440
1623
7547
14020
14723
18048
2265
4145
2122
12743
2572
11189
5168
15754
8032
9946
13431
8964
6570
10403
8919
12704
16001
350
17457
19139
7149
12318
12550
14396
6095
8707
2337
15879
8508
8186
16949
13889
3845
10427
8379
699
14701
10371
2209
10593
10074
4137
9882
6243
18869
1935
2144
17436
15332
13059
10587
10543
6389
9402
9000
11788
12308
12743
6931
2848
5629
17261
16154
12166
6656
11788
18068
13689
121
10925
11434
16488
7824
5484
7762
19316
13118
2858
1784
9194
673
14679
4179
4226
13455
11810
617
4771
17716
10241
6619
13613
10161
12743
105
2976
11323
1777
1450
8881
2441
5845
14830
574
13907
5097
12445
19444
8519
18804
7862
9055
4772
16126
16577
1614
11351
867
10185
15252
15689
1803
1946
10719
18326
1884
14348
5740
8529
4449
1666
11907
10894
12089
18246
264
12381
14574
3371
1269
3192
16175
8122
12808
9132
14697
4984
3450
14808
11760
482
18832
66
15093
3071
681
5505
2316
12594
16935
19892
1286
4701
8861
3086
13690
4921
14714
14810
17667
9141
2349
6372
13010
11504
11726
7922
10481
7177
14737
2187
7274
13920
6970
12088
2290
2556
5900
11268
11165
2278
3234
5353
17472
2801
9905
10975
6453
4717
13557
5015
15532
2270
4948
16123
3248
17620
16241
2284
17590
1599
19663
14361
13221
18430
11698
18314
19641
14796
7264
394
5870
6281
13230
15590
10453
7444
2864
5826
14135
12041
5960
3128
17118
16089
12038
19877
4424
3972
1738
9064
6909
6647
493
15283
19918
17315
12572
14002
19627
18084
7116
16364
15077
8572
15963
18528
13881
9895
12245
8508
6423
16446
13734
12495
19420
15381
18685
5988
5423
2726
6866
9694
10929
10474
19838
14746
17618
4007
16341
9919
15319
13886
13306
17268
13126
3588
18020
8759
15917
16945
10132
1777
3223
3408
13886
11449
1766
17935
919
9202
13982
377
4101
19694
7730
13388
8643
10
12435
18869
9749
19447
7050
14514
2511
306
11197
72
3131
17419
18962
4924
5975
18384
6294
13000
6551
11154
12145
11458
12274
2173
16531
14251
1489
16772
6569
16220
3459
12033
17413
9339
13541
8012
8251
9263
2072
8935
16683
4042
19393
7742
10133
12021
4560
10141
11984
4178
16966
1634
7425
5927
8927
5895
7126
12620
18787
17228
9616
5123
920
9318
297
996
18521
11747
9171
2014
6943
17947
12949
6579
5268
18637
6095
17355
208
13596
18605
7219
5014
13710
853
306
978
8107
13327
10835
6977
8970
12700
4298
2704
2841
16707
803
1067
18788
16404
3637
958
13209
2465
18605
10867
1351
17543
3662
11194
9808
6948
16218
4804
13157
19972
2306
5902
10416
4487
18460
12977
13795
17302
5705
2368
10350
9196
19760
12271
19428
16023
9362
13887
11963
18093
5990
7156
16237
10503
15089
11377
7421
3745
265
1751
9055
15501
16462
6513
1535
13272
12561
8207
5152
1788
18064
14584
6745
10492
10146
1367
4734
4539
590
5924
9046
10100
16702
1848
8767
6811
7324
5365
154
10400
1396
5654
10716
9672
8275
8738
19400
2174
8605
2858
4044
14677
4377
3664
13831
891
5117
8444
10527
418
7179
9011
7782
11461
13145
7716
6903
11649
1667
2322
18752
16540
5059
4752
6298
3787
18349
4444
2448
9046
8935
4627
8570
13582
5177
19565
6458
14815
14169
16974
8608
10899
16585
1752
14474
17527
7811
14210
1494
8846
5646
210
3901
13967
13696
5720
5134
13108
5349
8551
14731
14135
10264
15721
11519
6676
7983
236
518
9242
4356
19652
17136
960
4311
3931
654
8868
13267
17642
936
7819
4596
11923
8984
18226
18247
6566
5991
15366
12706
16444
19106
19987
18733
10500
10771
17606
3989
9906
8839
4085
8977
10915
8388
4639
13834
9577
14782
13199
13456
6378
19413
17706
4584
9395
18449
18523
19351
9136
19145
7101
11933
11923
54
12884
8498
1703
17449
87
11591
16549
13099
2991
19767
17434
4579
11780
11896
18268
1975
14349
18771
1193
648
6763
2880
10267
5536
6909
19439
6900
17519
11078
18560
11247
7051
15148
1889
8273
13367
1322
13436
18023
5059
15345
9984
854
7898
8322
7410
12104
16428
10819
9489
13762
17737
11625
12163
11710
1072
7162
17240
8010
4449
4484
1295
19483
1174
19954
13026
12421
10863
6213
14035
2489
7178
19005
6318
3781
18429
9568
4192
16075
3721
4306
8201
9245
13010
3406
3716
6430
18810
3374
5699
11676
5644
5321
9487
6337
8348
14844
18419
13970
17650
19651
3576
13327
14842
18593
2889
19071
18249
12877
14805
16900
3538
18383
2088
9854
3528
11259
440
13893
9401
13033
13789
590
12211
1910
6327
2045
255
8378
13597
13351
14993
19890
10723
11223
4293
18644
18902
10440
3074
13971
8936
17371
9019
8136
11675
5708
7006
14375
17002
19009
2138
19491
11483
113
13711
18785
977
19019
15862
11262
19918
8921
11011
15597
15936
8047
15014
16638
11412
17504
1527
12539
3976
13518
4040
14092
11944
17048
12212
12652
12326
11650
12485
9637
7101
17790
6187
15466
14574
8795
8012
12649
18345
14164
3535
4217
12152
12794
4833
13758
7434
12503
3869
19723
19429
1205
18391
8560
13157
17296
13386
5452
6649
1366
18087
11953
7843
1346
1892
7833
14794
10971
1336
6643
527
4858
5340
18892
13900
11809
19766
11744
13531
13677
5843
6857
8837
16406
18812
8061
9639
6496
9475
17072
5133
17923
11040
18123
10592
10801
99
10860
14373
16665
13249
4918
14207
1526
15640
14186
17807
12927
4004
6804
18858
1066
7337
3466
9465
12940
6209
4452
9980
6242
3893
9429
8978
16683
15088
3944
12830
9810
3736
6078
9793
15971
10346
15908
4103
15514
18567
2810
9136
8545
9246
15350
12178
15586
12553
10887
14690
12150
2112
9251
13200
11615
7413
19717
7608
2733
17212
19860
2800
16676
10526
6375
16218
5845
13090
17798
14398
3506
368
8644
15670
12982
4915
15797
2448
13213
4915
19124
13311
13612
14295
4548
13721
7440
18340
9765
11639
3255
10139
2509
16130
12717
19649
8932
16046
14208
6412
2130
3101
15602
17416
14408
19155
16555
7842
4208
443
3298
2735
12526
14145
3035
8686
17425
12885
8634
957
18646
9056
2885
7183
8960
1020
15950
2330
14560
1793
12172
1854
11135
4792
2455
9346
4169
19370
8332
5743
8373
10795
9860
12270
19672
13124
15035
12362
6959
10608
7323
9014
8776
15872
12629
5495
10944
3847
3652
17598
9434
9559
5534
19023
11885
19352
2888
6824
16324
15253
19655
13799
11607
9795
9773
4071
13629
13965
14340
6204
16042
9575
11563
4703
9297
11927
15196
5869
16658
1648
9233
16352
4325
17476
8840
18948
17652
7984
11621
2303
16475
8777
18516
13986
14309
10477
4586
1203
11697
16841
19411
473
8897
6924
7550
9967
12107
13554
12794
164
6206
18635
9353
6901
1810
15434
11246
10913
17978
13649
16264
7968
14476
6303
18058
18522
18780
4247
4845
16468
9269
168
16725
9352
10660
17223
18382
9666
2997
7135
17646
423
5501
10524
6064
11560
4664
5650
10085
4869
9932
12511
4539
16250
13482
4620
5742
13371
19163
5579
12156
19915
4473
11608
14401
8051
17367
16165
11804
14002
18492
6393
14703
11131
17692
17967
16892
8917
18150
12990
6844
14568
15888
2929
9663
16896
1163
3171
19309
10689
16439
18164
15228
5202
19523
6832
1528
6359
10527
2078
16267
6956
2143
17400
18151
8927
7765
14134
1844
19476
13630
16402
14360
18789
2749
14056
16992
13856
3297
12581
15400
11800
10354
16472
19609
18670
14670
17289
12811
19886
13031
18231
5372
13330
15180
7937
16582
8266
11239
17175
14069
6424
1390
5710
7554
213
15816
14100
9156
9950
744
16541
1713
9742
5667
2859
9344
16885
9703
1946
10480
4574
10901
12618
18950
1319
18750
2990
3081
1501
2685
15290
13521
11631
12924
16658
7286
8497
2628
4272
12632
3030
9947
15476
16713
19033
13297
10479
17725
18346
16873
13679
18104
16339
16596
4247
17042
18111
164
14465
17244
17551
12272
13045
17263
16713
6501
10622
8213
13131
7605
12984
18641
4553
7295
14725
17293
10612
15689
2089
15183
4977
17580
16238
16190
12179
19301
8738
6732
10698
1474
49
13453
10197
3381
2388
5897
4540
19539
10478
6016
17030
1471
16406
18829
18034
1664
16847
1065
6927
13961
6779
14496
13927
16920
1891
8098
11272
14011
13922
12665
4978
14464
7969
14785
465
12251
19970
8740
4006
15198
12569
4402
3743
18376
10074
11592
16995
15299
3934
17966
5827
11179
14450
5151
17570
6196
12507
10924
9184
14709
17792
19090
13861
7079
1972
15262
11285
11887
9109
13638
18765
8207
6106
8352
10203
6944
4733
11448
15306
291
19201
16385
15837
15953
17704
6851
8888
13621
95
4084
12254
970
10935
18229
19372
15550
19770
9556
1682
4904
5365
2517
15512
6016
5107
19675
7871
15017
7152
10497
8727
10809
15357
2160
2905
878
408
9539
19023
5044
2959
11421
3925
2110
6046
5605
19570
7453
10519
4092
9309
193
11073
19784
3985
19865
9819
5112
12007
6351
11314
7364
15477
16004
12538
367
1661
7132
1465
575
5478
15804
2318
11347
5610
11547
10148
13800
2590
10163
166
15361
8465
10953
3733
18995
5673
5389
2768
19520
4929
9679
13510
11701
18129
559
5243
14169
12602
6371
4677
19561
1129
3185
14927
7877
3587
9320
12109
6330
2708
13328
19832
3948
19666
16213
2066
18339
19970
13738
1406
9645
10647
12267
10906
14320
13833
9255
7579
17814
17024
10850
17907
9534
14023
8969
8483
9551
8268
10911
5699
12804
4256
18503
7847
15690
12495
18349
18262
15487
6178
2850
11188
1774
2685
5603
864
12764
7349
7323
17371
19942
301
13700
5002
13894
16294
5811
17923
7363
11438
977
6854
6678
13910
18
13612
7474
19583
5526
2691
17797
6291
4974
17754
2526
3508
12436
10193
13740
1424
8663
2365
12022
9567
17051
9999
195
11932
15924
19472
11242
12167
6250
12154
2732
13703
947
2835
14707
7311
8935
3287
11966
4011
14073
9217
633
8556
7638
10184
2315
6063
8651
7251
1084
12070
13493
2326
4704
14957
16981
13029
11641
17845
5004
1988
6525
19676
4658
570
6598
19365
15508
824
17751
11390
7169
8606
307
12804
6967
3193
9531
12096
3066
14517
14225
14453
6967
884
19827
3671
2373
15966
8414
4878
9501
9793
18707
15720
3263
7463
19929
14684
14095
9532
457
4513
19865
19506
7434
12475
3487
15105
14154
16519
12034
3903
15039
6442
3497
12701
16503
16174
3085
3424
16281
4260
2340
10939
8171
17425
17324
2368
7555
9570
16104
7334
9911
1642
15944
1702
19557
1026
1815
19791
11296
2878
7306
10496
12464
19562
13680
9838
19181
12489
798
4351
3983
11924
16239
13030
305
96
7684
19857
8784
18066
7900
10492
2657
19704
10441
11896
8628
17479
2841
7056
19263
7944
4590
13917
18763
14690
5326
18530
9028
17163
6877
13980
755
4588
10134
5948
1315
36
5030
4712
8138
4999
8348
4244
15302
15961
16273
16696
9482
10592
14442
2001
18904
15106
10579
9363
1422
15211
5074
8518
6432
10740
13873
19404
1657
74
19389
3054
12186
10082
19377
8331
10790
12503
17376
15280
19222
7751
3251
13549
8870
8893
11100
12940
11706
13963
12046
12922
8946
1983
12175
17682
163
4685
8133
502
6495
8326
5138
15673
15283
7801
15956
1047
143
18403
15114
19507
10077
9712
16100
18695
9392
8898
866
7448
18073
9771
3478
2192
7803
10740
3164
13174
732
9753
5538
16619
19070
18992
4659
11531
13452
4746
10235
15220
7970
14924
5958
5158
18863
4098
14014
9014
17141
3149
14064
17320
1472
9550
6193
5504
16304
6229
15859
11343
15
14698
13272
6183
10171
15086
15104
19156
133
5106
15964
6974
15259
12273
10789
2392
18904
7087
9519
514
6184
834
9478
13682
19000
12116
259
3552
10227
19066
14008
17466
14308
504
13421
4875
9520
9002
13711
11285
18959
9285
16121
4094
14500
14025
13300
16902
6995
13735
19137
16368
4513
7743
8074
14863
18871
17643
3801
10205
15321
5382
4466
17991
16957
4254
14375
4409
5468
19007
13069
17109
7063
5058
13228
2610
17289
6246
8620
6399
11674
10869
837
13247
17033
7698
14875
18780
11519
4496
14709
1328
4601
12271
17633
4456
15803
8803
14904
6555
1045
17810
2171
19767
8952
5791
4135
18409
17699
6850
7312
16840
17850
13867
16235
17409
4189
17746
11956
9106
3188
97
17778
18881
16495
4968
2051
19146
14045
18655
19552
17213
18380
12171
8687
17222
4622
7819
3056
4641
18432
2240
8618
17485
15838
7454
14616
5127
3488
8165
7046
599
4975
13638
18467
3738
10789
17367
719
11013
19588
11872
602
6463
714
12504
7205
3315
12706
9130
8743
8729
2627
2235
15598
18980
9427
3529
19319
17960
2016
9370
17894
18494
17688
9651
11431
15396
8667
4936
6506
5360
3662
16005
4144
3015
19017
17759
3312
3911
2590
9287
12889
14662
13828
18683
2849
5815
6097
16205
5618
5403
14093
7186
1661
10090
12226
14905
18872
11045
1217
17039
14369
18097
3365
8050
11809
16465
505
14518
11084
12110
4557
6325
12787
5739
11668
9536
2171
17778
18914
7794
2768
6309
11078
3053
5543
12915
16244
18372
8854
18188
12114
6714
11546
4919
3359
13555
19092
7405
7683
2434
17601
18264
12726
13235
14406
14902
6402
4882
11567
4516
19553
339
19014
6831
18678
17249
9918
2828
18625
15856
8275
16795
18407
9919
229
15225
7277
11217
15561
5096
17851
15669
15557
15484
7102
18794
9934
5941
15838
7294
3353
3583
3424
6292
4642
6844
11163
3197
15604
4862
1532
1157
845
8683
14551
9476
7080
14314
19648
16603
1937
14947
18928
15734
8319
3883
17246
12916
7398
15278
15225
11847
9650
2550
1052
17523
5224
18394
2525
10929
9119
3945
13106
17517
19575
2132
18815
19360
12701
3495
6483
14924
18897
15386
6429
853
13596
1505
7116
2881
12191
977
14431
18934
15871
15903
1473
15131
14823
6388
13736
10616
11609
1705
3535
3427
18267
7096
2296
14267
17829
9058
8549
10113
16154
4734
7567
10535
5012
4177
19276
6771
12180
14701
5120
5977
964
5966
9915
7099
14973
3749
13245
3084
16141
13621
6762
4995
5375
6477
1059
10126
13044
8167
15965
7258
17905
19073
7905
12158
4081
5737
15603
10254
17286
12105
4789
12618
3018
598
7060
17666
16051
6207
14848
15143
13550
13904
4077
13959
5717
2275
8504
5441
14218
5477
10336
7160
3309
11540
7636
10202
3109
10490
10241
14093
16434
11973
3563
11568
19520
8237
12076
16440
11976
9936
9289
14825
1360
7805
7641
10894
6643
18658
11475
16777
16554
18952
19305
15051
14303
19929
14913
10242
5025
10250
8683
9730
3133
8192
9608
10938
13973
14724
13709
5164
1068
16074
3917
1087
4494
951
18792
1710
4436
14805
11906
9718
14511
16964
4375
6000
16118
9936
1838
16784
7533
13241
14707
14256
17978
4070
19273
17277
13005
1201
10052
13747
7577
19384
16500
1588
14366
7080
5240
4998
12248
18353
14644
14315
6992
13850
16261
3724
12856
16562
15740
15584
7928
18204
3816
4136
7257
12975
6495
8048
15547
3994
14765
10983
5590
15585
12778
14358
7804
1619
5720
3909
2183
2892
15348
18263
5900
6238
14459
9850
15269
921
8600
16542
5758
11101
12251
2943
7747
9536
9727
6175
12514
2560
14274
8650
8045
1388
19869
15360
9644
10136
7977
4995
16090
15307
18044
4731
19639
8904
8692
3692
709
19244
6954
12289
7631
2494
3104
16026
16490
19750
2322
10079
7469
15851
16015
19364
12853
17364
16621
13453
16064
7790
5001
8525
10848
15707
16155
12357
3344
2131
12855
181
11365
4761
7967
7732
16309
4472
13929
17925
18566
17756
15833
16765
7342
15078
15567
11487
12020
14252
10761
9146
7851
6425
10549
12276
17799
16543
9677
16889
13237
18357
11073
9660
6702
8821
8
18229
8196
4406
2575
5420
511
12480
6947
543
15908
2357
10084
7753
1864
3113
10492
13340
3447
5281
6787
17217
11168
13506
18978
14395
4794
18755
10545
7886
11652
14702
5417
13784
16639
5819
14895
14916
4875
4425
8425
14188
13005
11847
8797
9003
12337
1669
15124
5191
19790
15253
1575
8743
17596
12310
7953
19641
2460
19589
9573
12771
14581
5442
9092
8828
8923
1741
8199
19785
1098
8285
11754
19371
14794
13733
1589
10989
9320
12205
1614
5551
13131
8841
11472
16772
4225
18283
6801
7953
1535
10130
8032
8275
12473
13490
11864
8273
10345
871
17920
15048
4458
12337
574
12988
8025
13711
4972
3003
3177
14532
15775
4353
19154
13897
14099
13898
19402
8658
6775
221
3062
14948
1399
16508
11015
13427
19176
16221
2866
15763
1959
13071
17114
12990
9608
17555
11356
10458
12612
8644
4288
11738
5180
5724
417
18593
17242
4309
19296
3007
3385
4213
7070
14568
19857
9623
1548
3902
18531
13795
3827
6085
101
1609
1211
11171
19656
7195
11993
11721
12479
3455
17862
10772
13513
8101
17030
11919
6644
9477
11473
16850
6005
17953
618
14123
14971
4329
1818
7815
6625
3817
8253
14562
19110
11364
3360
14811
19167
10889
16124
12060
3296
7924
8229
12344
2287
3946
13072
5547
4957
6845
15587
1664
1919
182
14288
15507
16711
349
12105
19083
5310
15494
12875
610
3205
10533
6078
9099
6488
7818
2932
10247
10313
17230
15478
6109
976
19879
18130
14635
18372
6579
10676
18731
11001
19110
16721
6238
13106
4335
15296
5488
14810
6178
17622
17971
10436
9512
10195
11772
7513
5311
18253
19332
10358
14035
41
15815
6391
11677
10442
2803
4951
9544
11203
5506
12859
302
5308
6517
7368
9632
12546
14181
11086
10922
18864
18902
3002
6706
12211
3477
13208
838
9712
10175
3022
10107
1510
16002
14372
15297
11410
16346
13077
14302
6613
4192
8712
6032
15724
1599
14351
17729
7133
15972
19019
8272
18551
4219
14986
5895
17070
1903
8913
13012
10286
14868
1250
18937
9854
5896
6770
17730
18369
7406
16692
1439
4788
6912
1448
18377
9364
4784
8951
18243
4766
1968
7923
7616
13379
19213
9575
12032
729
108
11885
13778
10391
6711
17606
15960
2451
18144
15465
3943
16200
13931
15903
960
13761
4468
6685
13142
11695
19667
9856
9262
9985
15572
1583
1930
16106
2338
16448
16413
12777
12148
895
18742
14270
8972
6103
19685
883
14085
4402
14946
15090
9602
15331
12009
1853
7767
6441
18090
10103
6334
7147
9536
18825
14262
16155
6700
14677
7992
18338
12818
16536
4302
8877
2883
5722
5472
14653
5852
16056
3861
5935
15346
9325
9143
2155
17166
8624
13431
2306
10005
2525
2014
4947
1072
16866
13765
18454
3231
11857
9336
8406
5703
3017
6244
10972
18628
736
3799
16318
7221
14785
17533
6102
6768
9782
11571
3184
13504
13506
7701
8675
15071
17215
5486
6993
16600
17395
9169
12675
8166
632
15393
7386
13154
908
10560
6630
15923
10172
4588
16366
9933
10657
1070
18428
17488
10858
18105
31
8207
7140
7125
779
16852
16152
13620
6983
6912
8932
10826
4680
1128
13326
4667
17189
9535
6518
19570
12829
13784
16768
16193
4661
12108
17241
5244
13755
11178
6774
18149
10094
493
15711
4512
12123
3579
19218
13065
10849
14444
365
19085
15582
15766
8925
13968
8957
18526
649
14139
11949
12884
17134
11022
12810
11334
13632
5892
16629
9765
12351
13193
10157
5420
1529
5546
1047
16208
15498
5711
13941
18763
189
5442
1748
5432
2729
19004
12822
16789
12243
12532
5349
7700
8554
13064
6221
8770
4360
15879
14239
10614
1119
15001
19969
19180
10418
11082
1348
19496
13829
3287
18295
14930
6673
5976
67
576
14738
12230
16564
4628
10729
19740
17500
10175
8832
13238
2453
1168
13080
13570
1236
12097
12300
18911
10063
19915
18718
16194
12381
13831
15174
17343
8206
4121
18705
14853
11776
16687
6856
19049
15248
4527
17702
15641
18281
1390
10137
5209
17000
4278
14768
15715
11479
683
13625
19300
5798
6097
12602
12382
13361
14570
14864
3745
11486
9459
9989
7612
18101
7214
9110
10700
15822
14397
6378
18662
10214
16371
19907
11161
1648
135
15731
3966
10653
12824
8916
19078
1707
7795
15927
19033
7348
8163
1297
4283
368
3431
15274
5723
19477
6786
11800
19126
9287
12084
1501
14800
16349
16019
15394
1071
17499
878
4571
9227
15269
4345
19013
5017
19087
8562
11207
134
16057
15937
6130
11160
7613
11223
8491
18558
2968
14773
14993
207
7480
13371
187
732
7845
1473
12154
8372
14572
19918
7774
18607
5780
11696
1133
9917
9802
14567
6718
2734
14225
11443
19564
15660
8952
6505
5643
17881
17694
11858
10760
17316
5854
17515
5235
1671
8655
12497
8829
5331
15975
4982
8922
4978
12673
18970
8955
11457
16606
19981
19013
7034
15782
12811
1203
16102
16831
14671
8024
9339
14468
9978
19203
13938
6156
11120
15405
5418
17484
2000
1462
5873
138
13150
8727
508
15844
14884
4294
15261
3844
13179
13416
14630
438
19593
3998
11811
4216
6946
10121
33
18971
8572
7879
19526
2964
8959
13515
2205
17529
9118
9610
17198
7862
