785
732
371
465
160
67
138
181
658
370
191
115
984
579
858
394
8
228
11
790
997
309
986
184
255
788
63
672
776
841
414
903
565
11
393
96
201
488
296
461
877
777
515
331
978
516
204
543
119
983
464
553
312
963
697
597
481
897
390
774
350
921
525
628
753
825
99
958
320
752
251
535
518
189
783
939
517
258
726
103
926
155
783
83
221
332
195
361
204
925
587
103
95
540
210
212
542
23
756
472
719
487
378
199
95
204
860
870
310
110
613
133
632
409
723
502
885
274
295
845
408
944
538
518
199
41
898
477
390
883
425
187
348
426
18
935
172
310
907
443
566
605
430
519
761
66
998
363
402
519
575
822
643
547
958
152
284
982
898
513
62
466
554
72
936
535
872
622
391
352
338
5
280
891
555
825
962
618
446
775
2
638
226
758
119
424
221
936
549
448
809
366
524
192
648
511
622
369
516
129
164
50
976
163
804
804
33
237
110
979
849
297
402
109
608
775
335
290
197
998
401
13
122
802
171
905
767
194
847
361
873
510
974
917
951
571
491
827
580
811
581
333
213
655
875
892
854
230
49
801
124
761
488
168
647
153
837
111
83
677
83
363
437
624
401
420
178
556
850
912
879
466
353
342
760
590
275
886
35
48
636
568
931
108
816
959
120
777
636
649
973
83
831
901
885
842
723
130
964
203
198
884
37
156
440
638
44
733
601
358
926
647
642
511
728
21
913
781
320
193
486
783
573
781
368
22
594
915
838
504
162
774
274
487
676
783
131
445
200
911
1
962
468
469
144
427
378
454
756
222
223
204
271
203
195
814
449
54
366
967
919
381
523
268
63
46
215
316
851
14
273
801
404
175
620
130
809
599
619
411
258
257
72
380
592
688
725
931
912
814
37
582
10
194
281
159
594
97
19
782
962
199
914
123
864
195
29
989
269
684
617
871
679
957
435
675
110
108
358
737
801
933
308
627
370
610
907
265
481
807
161
599
308
448
335
401
962
716
521
38
186
906
730
722
622
1000
297
958
631
782
393
806
539
479
710
615
428
465
331
316
818
576
826
692
544
445
724
345
804
216
619
66
580
618
719
736
926
628
584
329
871
524
977
34
521
955
605
482
146
948
954
303
479
545
705
856
702
567
910
191
211
150
790
943
764
417
456
333
943
950
130
8
534
538
663
290
20
862
353
391
3
457
806
349
221
840
473
92
845
200
3
175
865
428
296
111
390
406
624
849
956
554
234
594
162
672
656
466
770
438
78
807
46
875
523
768
105
301
632
413
642
166
817
911
288
94
837
556
240
593
722
416
870
514
939
267
333
714
852
513
532
8
407
28
560
776
438
225
207
918
659
154
270
811
603
559
763
790
576
697
465
440
69
217
33
757
126
149
33
626
781
607
771
832
950
959
496
489
801
152
456
78
293
750
149
307
208
692
520
881
364
980
18
512
238
483
579
770
526
747
931
269
280
236
944
436
60
722
871
705
679
674
480
393
435
972
883
741
820
220
967
32
565
398
340
442
454
849
705
718
864
539
234
55
312
594
742
155
738
324
557
755
555
416
514
808
747
290
177
1000
385
102
406
933
475
520
168
914
917
519
42
993
138
995
117
724
11
293
689
932
83
151
725
842
772
234
770
739
944
429
564
334
987
260
703
971
872
19
708
602
383
110
558
872
291
805
178
559
132
800
417
460
262
5
685
583
788
98
207
159
687
808
775
174
281
585
450
318
641
128
513
968
36
818
513
786
366
933
253
805
311
302
952
267
107
574
501
418
983
671
127
491
699
686
38
263
981
271
155
87
450
70
786
277
93
191
172
852
879
531
646
67
259
53
919
643
794
257
506
294
441
19
828
924
771
917
516
556
251
357
446
917
677
197
165
994
597
129
333
913
510
635
826
739
317
504
833
229
314
189
1000
422
121
639
572
881
792
371
257
631
207
423
485
862
674
586
641
971
578
993
273
43
873
869
571
944
168
554
222
150
564
122
834
640
17
654
588
756
266
862
273
506
593
171
846
124
464
414
365
524
517
777
52
984
17
206
140
75
52
106
708
816
541
444
898
174
405
286
393
690
305
425
244
484
192
224
123
249
153
980
433
399
650
632
590
215
180
313
994
225
668
231
465
596
961
406
280
316
48
695
602
529
700
661
782
966
887
731
273
124
9
895
225
935
708
982
205
736
179
627
170
407
216
419
562
942
793
621
757
798
474
977
365
183
716
466
500
615
550
488
248
450
169
835
838
32
134
40
87
321
775
263
745
744
578
441
518
756
777
146
241
266
835
899
346
60
120
595
840
935
826
750
482
193
126
765
357
701
807
757
45
711
475
378
612
765
603
878
209
557
746
498
233
828
360
494
75
932
727
419
658
746
584
926
163
760
641
53
760
71
191
220
356
513
582
763
797
397
536
533
115
540
532
3
615
608
24
691
445
304
398
800
249
520
837
154
771
725
351
60
604
517
210
432
45
451
873
386
787
228
964
308
64
906
806
75
245
572
295
949
325
478
944
680
896
714
436
829
37
981
531
872
28
342
579
32
490
912
747
180
421
735
779
367
302
263
229
199
515
498
966
432
866
221
440
281
167
341
114
651
537
454
538
534
389
59
801
781
934
114
936
922
183
178
250
869
144
634
209
375
322
722
562
692
516
677
405
805
68
4
928
191
395
342
708
76
204
247
632
79
593
580
310
983
758
204
875
69
270
907
154
84
470
179
175
426
170
600
549
392
716
123
691
502
682
16
409
264
948
336
758
27
426
899
130
7
947
308
294
303
518
410
659
327
105
334
792
656
775
286
903
612
916
380
876
801
907
939
94
654
509
481
450
451
180
395
636
725
278
454
36
937
46
139
882
567
402
690
561
251
418
954
833
47
55
498
470
611
505
624
278
532
261
827
334
156
493
620
13
872
703
78
395
378
204
386
853
975
29
935
426
554
586
600
96
903
43
452
93
811
329
518
891
120
168
74
726
18
76
590
9
381
755
719
297
735
153
838
98
605
176
530
526
712
630
668
176
451
383
357
606
255
788
768
489
470
419
767
795
690
948
824
274
327
31
880
362
724
120
156
514
855
790
484
172
145
599
289
70
525
616
548
973
487
349
609
776
335
573
567
139
84
322
864
618
487
280
98
280
584
768
813
975
970
139
453
147
955
903
553
89
332
556
350
387
645
107
534
799
130
231
34
767
617
31
795
229
410
485
644
825
761
159
842
932
297
254
910
938
358
13
622
755
178
739
395
919
734
194
938
689
383
545
708
706
188
141
612
630
930
945
498
476
730
808
860
510
246
528
625
599
730
662
699
656
193
180
309
712
742
449
622
486
407
164
366
147
398
20
983
931
732
513
534
204
174
340
285
10
464
341
223
252
836
801
988
996
504
995
19
697
216
90
626
201
729
440
148
525
85
269
948
847
371
652
495
685
373
2
373
249
226
436
175
764
154
267
984
112
116
260
41
757
218
218
950
595
570
776
500
558
532
292
604
712
603
397
988
642
34
196
144
218
876
883
921
533
19
139
78
59
294
660
88
369
11
534
70
222
914
208
103
534
844
658
627
352
225
103
846
31
440
801
481
568
961
943
76
354
106
606
617
240
248
282
580
778
158
571
584
959
767
976
772
856
63
410
892
726
889
534
719
155
269
817
63
860
585
152
383
901
326
414
708
165
858
516
592
236
494
275
903
381
379
184
894
48
503
341
548
825
577
742
671
523
652
399
427
585
899
270
364
816
975
649
804
573
254
751
91
694
676
277
404
482
240
913
138
148
784
622
14
578
240
537
250
428
846
674
886
794
243
839
649
139
66
418
290
885
266
660
892
45
96
362
273
898
704
603
633
310
735
655
471
308
453
243
584
242
484
498
596
735
302
723
467
230
444
205
805
406
808
139
347
46
700
206
636
348
696
810
133
370
697
559
395
354
348
396
237
129
441
820
623
127
157
65
307
151
752
79
866
544
118
755
35
547
116
61
727
209
871
115
146
23
954
99
583
30
460
441
679
742
862
556
677
916
667
788
921
206
199
31
160
490
58
673
651
861
999
907
399
492
411
237
621
65
284
418
967
307
270
552
454
740
977
617
980
167
279
621
317
554
274
30
990
21
318
687
674
887
372
389
751
589
35
999
140
548
785
418
480
324
518
252
257
721
841
983
436
211
48
595
734
998
587
278
588
258
463
872
301
847
247
222
702
360
777
705
276
937
9
210
435
931
969
25
771
382
902
161
482
646
498
580
567
89
789
692
296
223
678
621
295
14
216
543
180
505
227
25
342
964
855
952
765
901
914
162
243
299
294
942
654
728
119
348
808
611
579
717
540
964
855
967
87
735
413
582
208
831
819
541
582
971
336
139
570
233
84
479
621
1
964
533
843
950
29
491
680
825
49
343
955
909
218
764
229
287
764
567
779
500
303
762
248
717
697
549
389
658
655
406
353
504
629
349
870
462
36
326
845
636
557
156
830
21
87
65
721
508
179
778
873
121
600
869
467
972
512
473
293
585
815
645
471
150
729
529
256
616
653
145
821
333
370
739
98
162
537
357
265
187
866
37
406
256
9
862
422
813
824
697
113
369
135
599
246
61
108
733
891
135
950
602
717
412
534
357
19
698
46
662
684
489
55
408
808
715
913
542
791
826
778
160
211
913
784
351
982
430
936
40
751
984
593
330
231
941
359
233
454
100
934
98
609
790
446
829
698
635
437
966
620
360
798
468
477
420
218
975
897
922
252
326
156
443
759
611
275
984
885
495
907
38
456
392
670
525
175
640
11
536
906
749
45
443
788
108
852
814
704
6
940
594
987
789
255
570
679
269
957
329
232
697
926
345
851
719
995
186
946
929
194
353
654
790
429
382
62
858
527
378
576
899
377
336
447
304
528
198
139
251
885
494
700
17
270
561
933
948
752
858
109
266
750
410
425
144
833
234
536
473
70
858
278
515
16
31
969
287
76
415
786
297
75
978
580
958
781
595
358
155
325
111
235
458
597
998
210
422
112
773
279
866
359
124
277
292
292
242
778
989
695
620
72
596
500
966
724
856
305
23
153
78
396
503
78
977
507
922
777
657
547
977
104
320
74
266
405
1
187
164
150
64
161
211
700
520
782
568
878
790
849
699
234
310
470
72
461
1000
107
799
25
358
897
981
933
889
902
233
951
356
574
881
826
559
603
278
101
587
37
756
686
43
54
378
680
742
895
369
99
596
880
152
146
676
219
573
795
666
158
103
148
234
863
116
385
571
156
440
352
342
402
216
585
437
270
753
74
519
93
980
332
411
27
39
44
46
867
272
683
381
491
154
703
487
735
617
156
224
198
569
561
110
552
994
880
909
993
582
929
991
325
678
200
307
146
386
141
843
760
357
86
256
392
669
314
717
984
504
826
268
983
867
693
445
649
603
811
312
346
848
974
775
582
401
32
729
393
902
732
496
554
516
256
17
436
431
724
813
929
62
987
245
44
200
819
241
668
807
373
374
615
948
707
303
909
33
964
339
716
561
518
28
563
295
801
621
447
181
145
242
681
860
166
289
978
445
465
732
719
888
344
649
853
426
62
594
408
435
632
630
209
676
836
424
110
983
280
2
574
108
108
796
837
350
738
600
567
232
830
611
565
932
357
338
731
823
543
873
798
218
79
872
558
413
162
102
368
859
279
563
855
303
414
470
771
651
106
386
285
262
393
577
860
947
865
385
750
61
14
460
764
473
107
439
121
128
627
179
76
117
118
446
508
217
780
175
532
785
23
298
362
21
859
436
670
854
33
18
44
566
231
109
897
846
228
265
776
213
12
828
930
870
978
102
188
819
335
896
646
177
332
194
14
859
522
342
56
303
460
911
884
878
355
628
947
753
963
226
253
755
522
538
987
722
559
242
173
225
693
209
630
683
500
84
123
364
886
224
377
548
549
988
853
518
400
123
6
329
190
424
20
807
465
958
965
339
184
694
967
268
351
458
678
150
581
813
925
96
966
842
675
25
961
748
416
99
428
896
450
494
892
714
374
335
646
883
756
870
936
901
238
598
849
848
804
158
662
259
789
95
744
700
353
140
796
687
429
169
572
337
690
372
186
696
21
82
250
763
855
119
111
287
713
674
944
942
989
245
333
368
534
717
762
876
140
422
744
356
977
107
280
451
140
694
846
831
75
434
98
446
445
294
609
634
315
535
127
110
866
874
868
186
518
220
55
700
720
863
638
877
996
304
450
667
908
155
352
515
265
168
575
625
521
699
442
639
809
392
698
493
957
337
22
733
637
567
624
578
182
506
73
119
734
893
40
464
378
340
691
922
715
75
469
401
854
629
800
505
727
437
742
435
2
440
532
447
483
613
543
61
666
791
688
783
741
354
7
802
424
756
222
226
347
781
63
271
457
390
8
621
40
285
125
102
471
362
748
431
960
851
642
797
522
145
871
282
494
386
234
216
621
827
136
304
216
382
920
90
825
416
425
732
492
842
910
416
244
284
457
117
359
795
897
889
631
897
343
831
494
797
408
414
770
283
680
447
998
496
690
647
222
989
189
231
635
472
710
475
646
11
153
770
140
438
585
150
96
536
916
95
825
760
183
946
133
29
730
915
676
711
18
203
920
721
772
628
864
964
502
389
644
261
436
674
527
986
51
307
512
807
198
573
638
687
767
687
976
385
63
787
64
416
670
720
61
930
330
252
741
305
570
753
713
34
681
858
805
271
510
264
73
710
482
805
201
257
394
808
323
402
985
433
765
388
940
693
186
896
384
621
788
30
876
379
421
319
548
997
790
748
172
267
712
482
950
580
269
638
96
356
709
860
410
477
525
500
354
307
479
624
854
96
746
971
963
61
461
598
974
554
68
593
671
891
709
473
718
606
388
105
345
422
456
327
717
219
567
684
511
307
903
937
996
729
764
59
570
961
125
351
197
30
272
698
24
622
677
747
362
501
414
238
24
355
900
679
999
766
3
574
502
729
514
289
62
86
724
153
291
869
113
258
273
147
619
243
48
341
925
47
101
969
100
768
324
325
366
905
401
899
420
237
673
534
739
939
931
864
111
807
678
378
171
621
642
373
445
48
669
437
271
297
245
146
974
672
911
668
323
21
339
570
261
299
788
886
445
953
824
452
390
829
372
688
373
971
80
170
241
867
160
384
4
267
329
812
3
746
363
157
961
902
757
223
486
135
635
115
810
732
664
265
252
303
677
984
237
269
502
357
653
137
961
820
185
405
127
268
177
687
591
105
446
759
31
516
567
247
367
969
243
376
526
734
501
772
607
749
166
356
86
978
436
389
894
835
96
575
726
983
379
414
241
93
396
450
792
890
396
953
359
456
707
305
147
273
457
450
338
375
348
626
496
768
236
580
303
419
805
227
350
308
947
899
276
881
528
537
166
978
157
321
340
561
31
823
679
392
532
894
323
700
828
60
141
762
105
899
97
925
629
961
80
490
763
738
148
426
972
324
163
775
269
958
993
547
484
677
955
27
208
864
214
36
994
436
544
831
35
234
569
447
342
481
69
718
23
800
660
476
687
615
134
955
938
410
322
488
850
123
637
420
497
185
459
336
591
107
594
646
879
54
140
806
167
792
384
89
855
288
521
191
894
179
823
53
341
212
413
96
46
6
379
387
878
786
698
984
224
56
181
439
961
75
235
711
639
279
137
459
964
264
376
537
817
895
492
745
614
712
786
228
558
128
46
726
696
12
863
467
564
545
437
413
306
30
64
977
782
803
885
467
583
737
439
851
434
10
415
359
325
956
467
839
54
13
650
882
165
295
218
677
319
88
22
206
28
870
531
968
959
660
561
158
297
913
453
162
367
892
954
615
100
893
91
795
492
90
900
528
113
341
429
164
332
767
745
532
204
99
626
96
407
349
578
640
9
253
607
644
725
563
660
593
62
100
381
638
198
776
427
208
778
906
979
609
452
259
805
663
820
595
720
984
941
722
707
758
243
147
689
495
482
884
451
93
588
496
335
312
502
867
909
358
45
836
63
914
320
24
616
179
587
340
888
483
675
365
770
201
877
414
525
609
986
14
861
557
209
787
376
751
356
91
66
927
13
869
903
201
507
678
593
449
3
170
394
312
613
824
549
248
698
145
766
423
15
660
266
929
980
650
191
845
473
669
887
355
133
684
409
156
88
843
971
444
805
988
51
410
542
687
227
886
635
708
183
834
390
698
961
523
216
331
353
296
697
855
919
301
212
865
932
909
333
254
374
56
120
271
211
914
831
625
472
129
95
792
35
873
416
751
205
101
412
866
435
78
300
24
886
891
393
337
123
254
925
800
608
796
551
834
156
492
341
461
43
576
825
466
816
711
197
125
191
649
493
151
88
477
99
949
653
242
144
60
8
552
53
250
310
258
587
706
481
842
412
474
414
437
322
968
108
818
795
915
463
636
131
414
564
230
769
434
780
650
63
483
269
816
327
59
49
248
100
1
270
669
726
353
441
25
187
185
250
136
181
674
757
785
321
561
173
906
346
632
451
512
540
49
272
875
998
372
702
580
943
185
474
870
194
310
635
698
588
531
297
906
496
393
960
968
893
434
419
991
357
833
889
434
441
429
164
425
310
690
238
433
759
968
524
345
529
872
528
583
66
725
900
668
688
702
23
663
845
15
157
403
889
790
254
849
993
857
57
106
401
62
615
739
417
207
935
557
336
425
558
500
138
594
181
195
381
525
501
443
334
937
144
221
69
964
347
365
934
728
495
542
714
2
178
860
604
684
481
449
481
337
162
619
755
320
751
991
588
255
442
556
522
415
711
191
544
756
133
527
157
31
948
272
246
303
298
480
726
151
140
943
373
606
863
756
310
380
665
258
779
552
797
835
531
980
502
143
730
395
863
247
910
62
296
726
561
613
955
594
449
978
581
37
989
704
840
513
501
479
475
300
717
718
382
145
663
49
540
739
273
31
225
205
830
571
167
646
66
440
751
548
25
191
453
394
873
534
276
186
666
233
257
741
786
466
252
971
741
261
199
94
165
503
181
855
854
528
565
441
501
828
441
243
917
105
197
294
445
444
710
594
629
388
594
475
528
547
671
628
639
34
724
875
353
464
457
242
232
572
42
740
184
368
219
239
620
889
885
596
85
41
221
716
766
911
816
578
557
185
905
621
274
513
529
873
483
386
283
153
758
728
590
153
917
662
629
659
799
831
810
464
944
179
615
559
371
571
711
40
855
310
944
335
785
492
673
79
878
8
352
315
622
743
271
325
118
662
904
717
576
244
335
319
348
121
809
929
590
591
164
917
627
724
954
987
532
929
390
769
328
692
680
511
485
934
60
499
170
389
140
678
369
632
186
928
649
841
321
896
843
961
329
102
202
205
12
67
144
240
739
407
164
168
268
427
849
623
515
94
82
25
111
908
312
816
228
1000
811
527
912
955
591
257
772
362
956
282
618
799
753
179
103
972
528
442
369
865
27
350
581
173
943
552
490
768
684
827
812
725
364
961
228
111
191
174
519
139
989
853
292
196
599
804
229
22
283
15
437
714
4
178
180
366
809
345
853
777
196
933
455
473
765
430
251
417
985
967
448
836
708
826
936
288
489
12
866
477
884
331
153
445
316
576
652
509
838
333
20
831
467
222
780
819
425
846
260
491
294
484
167
821
367
173
774
575
752
652
427
865
58
329
224
447
532
359
320
46
754
246
736
885
828
431
130
762
673
641
761
53
976
986
264
464
737
477
888
51
708
276
673
45
435
738
994
106
155
52
35
410
305
211
4
702
504
441
845
425
814
769
97
940
946
693
859
125
556
571
371
106
430
396
475
703
365
780
67
599
819
131
307
497
251
563
944
357
989
276
49
114
743
708
772
820
56
597
456
127
559
335
672
753
910
243
222
158
887
281
598
828
264
459
353
181
300
483
582
531
29
431
646
981
756
589
655
204
69
37
31
475
913
254
607
7
98
757
274
963
1
853
707
506
905
902
840
141
674
742
585
293
201
261
137
674
909
75
659
814
449
343
378
106
791
28
911
811
761
9
758
550
645
668
623
727
968
490
47
709
947
235
962
484
414
686
650
253
264
843
904
204
79
59
752
299
144
404
380
777
858
490
367
500
911
899
617
706
610
549
732
949
575
741
418
701
483
531
49
886
609
993
422
54
242
1
16
221
485
717
469
669
132
607
15
15
142
656
329
321
473
810
706
505
305
230
860
605
766
227
273
952
432
352
370
157
134
872
230
743
260
798
570
645
173
88
38
515
441
335
256
683
1
903
260
553
748
874
801
467
309
505
685
384
521
521
975
808
228
286
388
603
29
26
827
903
252
525
945
167
768
1
333
656
872
644
802
986
117
383
975
793
224
255
904
410
724
277
333
377
835
569
755
611
91
247
395
168
936
130
88
774
568
699
140
49
781
751
502
580
110
796
168
219
599
62
169
812
799
345
676
37
953
792
898
678
234
363
84
841
385
394
502
944
190
747
957
625
695
848
46
150
762
477
556
685
46
656
360
214
917
434
204
24
623
77
57
404
701
241
135
753
634
226
617
638
489
166
818
850
230
165
736
739
50
902
970
536
858
134
103
464
965
291
463
316
493
390
518
504
384
740
129
785
687
530
858
228
17
889
895
299
956
652
693
662
442
191
507
361
169
272
399
16
287
561
72
912
843
806
676
663
829
684
102
71
354
738
129
914
358
958
662
91
751
170
141
307
469
40
898
98
125
51
810
998
6
783
85
373
558
838
50
995
930
55
676
779
451
566
21
310
601
307
54
702
777
641
371
457
115
227
808
174
866
82
631
177
941
435
403
69
989
236
407
903
171
391
568
279
361
90
822
88
483
517
178
81
626
652
50
796
676
697
230
21
792
218
357
862
852
935
823
280
874
599
935
452
369
809
354
90
184
61
151
845
425
957
870
863
533
158
346
684
80
477
595
315
918
604
691
476
197
265
578
137
247
703
656
544
21
631
169
55
555
524
225
199
778
930
120
946
633
319
845
637
620
361
488
2
996
925
166
182
942
854
123
506
888
134
716
978
432
471
667
904
474
927
88
389
526
877
393
706
42
187
72
354
801
532
830
318
550
634
421
989
339
56
523
940
546
284
181
966
121
743
965
967
916
614
766
3
772
591
940
622
531
504
886
990
562
127
308
168
231
516
906
74
906
159
336
248
604
775
821
892
44
405
525
849
318
468
850
208
641
144
340
694
78
486
483
276
279
442
747
243
337
675
69
63
637
723
110
751
502
886
701
235
564
569
328
754
77
441
760
937
290
618
863
577
899
415
644
659
259
44
555
757
844
847
304
737
178
503
791
31
942
249
893
709
127
939
974
989
710
165
320
75
677
590
495
952
329
213
945
598
429
237
512
965
884
511
119
455
341
317
305
505
972
257
246
833
81
278
532
704
833
274
835
654
501
342
631
338
6
999
773
354
909
844
505
640
60
484
119
361
6
380
443
473
817
391
258
976
752
823
548
501
558
504
101
586
303
151
576
373
721
163
436
649
614
800
901
751
252
110
800
922
601
75
14
363
514
448
262
796
505
176
39
561
275
909
304
891
870
361
904
137
492
996
889
103
313
494
447
421
209
452
960
514
723
814
889
251
358
27
23
289
323
340
470
852
282
172
854
166
154
980
597
562
767
300
629
973
156
144
598
132
856
932
627
762
482
504
842
235
719
926
835
558
834
766
114
344
98
10
283
517
542
924
852
194
330
539
334
544
678
890
764
162
857
179
959
822
759
34
971
407
576
186
262
481
204
794
909
862
605
11
116
367
273
604
701
47
44
752
952
296
247
396
795
292
326
658
175
231
183
785
640
75
688
709
638
188
426
453
795
631
56
781
124
921
920
192
60
784
329
2
597
573
468
449
217
128
574
772
110
953
93
345
924
993
458
55
852
286
16
179
323
260
92
510
839
730
615
62
658
358
473
39
226
88
802
954
536
651
291
50
998
491
648
790
866
872
188
844
221
600
325
513
800
238
735
257
431
797
41
116
962
424
892
162
210
175
288
972
569
213
400
307
16
954
715
488
371
294
462
861
916
777
868
90
879
239
875
161
543
1000
436
490
168
862
44
818
566
514
145
976
71
569
127
401
800
156
532
796
334
854
352
861
714
694
464
710
516
722
480
215
863
33
514
876
31
181
901
996
735
649
774
954
869
652
764
92
70
73
626
324
512
355
649
148
614
604
706
150
125
61
56
439
746
869
792
947
599
58
212
614
118
665
171
433
553
508
510
350
106
622
821
25
876
111
459
314
847
618
489
333
689
768
574
498
744
622
727
149
131
428
641
92
677
1000
524
111
520
7
633
98
827
744
811
691
623
506
217
513
716
34
771
567
790
140
359
828
792
816
648
678
703
56
206
63
465
507
384
303
819
286
140
151
547
446
609
183
669
903
256
707
474
237
209
89
231
436
782
628
511
801
637
298
933
879
78
95
126
701
487
545
725
600
144
730
134
503
558
531
356
728
779
406
872
406
430
13
807
869
753
474
114
897
539
265
906
407
491
193
43
913
202
378
142
293
468
48
275
220
695
874
380
752
94
295
730
359
147
42
392
224
607
756
208
949
996
450
733
932
904
461
762
723
942
143
479
206
634
40
504
368
337
684
107
95
715
212
40
411
146
279
63
747
360
955
884
86
911
739
621
380
862
10
105
539
210
91
104
591
919
796
826
527
954
957
206
993
143
343
803
303
878
136
488
728
182
618
855
368
936
612
103
921
660
968
625
221
811
6
778
267
456
575
665
766
723
738
380
596
923
469
777
13
973
897
487
559
851
222
50
335
871
281
560
355
944
505
770
959
192
72
750
742
506
601
396
170
676
167
133
394
387
418
159
561
399
719
173
589
367
193
178
322
233
290
639
642
32
724
141
640
530
853
685
884
240
681
933
607
935
129
590
922
190
313
287
571
92
785
567
726
170
633
776
245
282
962
287
954
95
744
712
21
910
86
757
592
850
237
866
86
378
767
926
758
958
795
650
404
472
409
936
806
73
857
422
658
428
25
614
983
938
186
781
312
550
209
764
967
942
32
690
953
1000
688
234
812
347
322
506
57
605
958
555
854
990
29
615
675
240
875
120
2
970
988
419
83
851
497
619
288
564
459
674
977
818
77
3
231
363
391
730
548
501
956
833
239
454
420
607
834
990
360
301
912
64
454
523
993
644
358
970
878
723
630
974
646
560
688
113
319
249
528
970
907
282
642
918
975
799
279
561
716
2
684
889
839
309
866
603
645
888
835
657
505
748
460
508
870
638
986
629
701
88
662
379
663
475
904
908
684
151
886
262
473
914
349
433
886
210
796
723
34
863
422
800
284
119
938
275
724
285
555
62
396
547
871
502
65
148
552
925
323
34
629
826
228
800
346
821
783
895
79
469
635
324
203
899
161
871
224
492
827
473
774
786
208
481
161
938
483
360
725
155
147
573
919
289
608
781
958
887
695
580
96
231
239
490
444
372
191
469
506
899
149
695
120
541
584
365
50
491
672
914
22
346
842
976
745
439
741
674
775
214
980
873
251
821
35
313
812
455
635
98
464
283
117
261
756
473
465
925
643
671
184
752
754
714
384
639
677
502
9
640
677
803
792
845
443
680
631
439
594
758
73
471
715
122
284
972
831
651
796
217
734
516
710
64
119
388
733
634
