711.56
121.65
7498.12
2866.83
794.47
7638.57
9561.95
6819.74
8324.07
2753.54
-272.60
3396.49
3857.34
5266.30
2788.52
4681.03
6.34
5494.43
8914.71
7603.40
1428.25
591.98
3332.02
9255.67
7133.70
5182.05
5679.84
1007.18
7618.27
9321.01
5236.89
3471.53
-78.56
8589.70
1228.24
4987.27
-917.75
6345.11
6264.31
1335.30
270.95
8727.01
9904.28
7315.94
9983.38
5744.59
274.58
3792.50
4573.94
4266.13
855.87
5630.28
4113.64
868.90
4572.11
6530.86
4151.93
6478.46
3458.60
2741.87
1536.24
595.61
9331.13
-646.64
8795.16
242.77
8166.59
6853.37
1709.28
4867.52
-611.19
-362.86
4288.50
2764.43
6684.10
5745.33
1738.87
7136.97
5121.28
7383.53
2023.71
9468.34
6463.51
5174.71
3386.64
3306.32
6327.54
8031.44
1530.76
7354.23
4643.14
1182.91
2182.52
5500.11
5327.38
6323.92
2164.48
-551.37
4088.65
9889.89
7470.96
8462.17
2757.45
-588.38
9091.82
3288.42
2514.15
2259.38
-716.10
7462.99
6505.26
2953.35
2912.00
1027.46
7508.92
8403.99
3950.83
3582.37
3930.35
363.75
6428.32
7865.46
5897.83
1842.49
-234.12
1001.39
9280.71
-986.96
9127.27
5073.58
8595.53
162.57
2314.67
4608.90
8732.91
-842.39
7838.30
430.59
7897.78
9963.15
6706.14
2209.81
2186.50
6417.31
9748.93
3328.68
8071.40
2135.60
8959.65
3849.48
