901.00
902.00
903.00
904.00
905.00
906.00
907.00
908.00
909.00
910.01
911.01
912.01
913.01
914.01
915.01
916.01
917.01
918.01
919.01
920.02
921.02
922.02
923.02
924.02
925.02
926.02
927.02
928.02
929.02
930.03
931.03
932.03
933.03
934.03
935.03
936.03
937.03
938.03
939.03
940.04
941.04
942.04
943.04
944.04
945.04
946.04
947.04
948.04
949.04
950.05
951.05
952.05
953.05
954.05
955.05
956.05
957.05
958.05
959.05
960.06
961.06
962.06
963.06
964.06
965.06
966.06
967.06
968.06
969.06
970.07
971.07
972.07
973.07
974.07
975.07
976.07
977.07
978.07
979.07
980.08
981.08
982.08
983.08
984.08
985.08
986.08
987.08
988.08
989.08
990.09
991.09
992.09
993.09
994.09
995.09
996.09
997.09
998.09
999.09
1000.10
1001.10
1002.10
1003.10
1004.10
1005.10
1006.10
1007.10
1008.10
1009.10
1010.11
1011.11
1012.11
1013.11
1014.11
1015.11
1016.11
1017.11
1018.11
1019.11
1020.12
1021.12
1022.12
1023.12
1024.12
1025.12
1026.12
1027.12
1028.12
1029.12
1030.13
1031.13
1032.13
1033.13
1034.13
1035.13
1036.13
1037.13
1038.13
1039.13
1040.14
1041.14
1042.14
1043.14
1044.14
1045.14
1046.14
1047.14
1048.14
1049.14
1050.15
1051.15
1052.15
1053.15
1054.15
1055.15
1056.15
1057.15
1058.15
1059.15
1060.16
1061.16
1062.16
1063.16
1064.16
1065.16
1066.16
1067.16
1068.16
1069.16
1070.17
1071.17
1072.17
1073.17
1074.17
1075.17
1076.17
1077.17
1078.17
1079.17
1080.18
1081.18
1082.18
1083.18
1084.18
1085.18
1086.18
1087.18
1088.18
1089.18
1090.19
1091.19
1092.19
1093.19
1094.19
1095.19
1096.19
1097.19
1098.19
1099.19
1100.20
