7
1
21
14
15
4
45
41
12
44
43
25
1
28
45
2
16
42
33
48
31
19
42
20
3
32
20
19
7
17
10
31
16
8
14
3
48
11
43
27
7
45
5
48
9
45
14
27
31
25
34
25
32
19
9
20
49
44
2
27
18
39
10
1
3
46
31
10
2
42
26
25
35
25
39
9
13
24
22
28
21
12
47
26
16
37
41
16
7
49
32
35
2
32
36
32
49
22
11
4
26
17
45
36
27
28
12
41
11
46
28
42
23
41
24
33
25
31
30
45
13
8
31
1
17
4
14
5
20
26
43
2
19
35
24
2
25
42
7
45
23
36
44
26
24
11
29
20
6
21
45
48
20
1
28
2
26
47
46
47
17
35
34
35
24
4
46
20
10
28
40
28
17
25
45
40
42
10
20
7
19
11
35
42
4
15
45
9
13
23
36
17
31
7
40
3
18
43
23
22
