3691
7801
12332
13678
4450
5563
3914
13006
6697
6101
12760
11527
8612
12484
8177
3212
1627
12920
5662
2855
8449
6434
338
10778
2107
10448
8891
14701
2800
73
2911
7396
7114
3697
9275
2641
4400
620
6049
8251
1663
1412
8776
79
2725
10783
11941
8257
7907
6173
13543
6484
3253
11023
5297
248
3304
12748
989
4408
11173
10255
9082
12484
12271
4187
4319
10474
4609
3037
11608
710
10375
11797
14105
2227
2993
5050
1900
31
12260
13355
3914
10516
4003
7600
14461
10646
178
13828
7001
14681
6040
229
7760
11302
3295
6011
331
4468
12698
10258
11029
4013
5459
9484
11627
9016
3916
7309
10340
14965
9577
4738
9877
5956
4403
4879
1210
7139
3037
12506
3482
5425
10057
5087
10783
6304
6058
7489
14183
4391
922
14440
6296
9340
6316
14323
9821
12383
10993
2353
8962
2953
5513
9259
6706
5923
6874
4936
4714
2597
12514
5068
10550
8143
13826
13330
6541
9514
13282
3991
5779
737
11423
5042
14293
10810
7915
3313
1171
3793
12388
13066
4850
8437
4271
14737
11615
3154
3604
13114
6368
4636
11968
2077
31
4342
10450
10285
7834
9706
7999
3191
4456
9650
13184
7960
13318
5594
11779
13669
1438
4997
12601
13075
14353
2893
5524
4276
6476
6880
11585
1634
2789
13774
254
3830
2513
10351
13462
3220
1444
166
4894
5359
10849
4582
1126
853
1088
6563
8267
13096
10289
4033
9535
5131
4918
3463
5507
3529
2528
7519
6844
1331
10979
5378
7915
118
11599
7093
10870
3170
6017
349
10268
7109
12796
6844
12868
13400
359
2750
7582
5296
12673
13964
10268
10492
3689
14689
4801
1711
8278
12316
10067
14374
14329
13903
2801
11953
7138
7946
2413
14321
5743
4897
11956
3512
14966
13166
9671
14131
6833
8851
7345
5884
13366
1972
4436
1195
11029
12200
634
824
2701
4849
1333
971
901
4703
14962
3583
3775
14990
11443
6980
12167
9553
6110
11593
11633
13399
1036
10856
1727
11101
14768
14233
2143
1591
9910
12778
3115
1699
9421
7475
4027
1735
6370
5071
10595
4604
1972
1954
6416
13624
12634
13225
11957
5390
14290
11212
9442
5288
9055
7627
7870
9778
12184
11056
4384
13325
11359
4003
9001
14986
9223
6898
473
14455
7549
4979
1459
178
3514
14602
12047
10121
6238
5221
7843
9313
10753
2893
11173
1414
9394
14266
5029
1669
10360
12229
10264
1040
14798
13340
14462
9257
5239
92
115
11216
5758
5293
14929
6586
1421
6886
373
7864
7271
13888
431
6394
7564
9410
457
14143
184
2443
3425
343
7571
3950
8348
6485
12836
6532
13340
6299
13109
12331
12778
14585
14743
637
2056
11416
10489
7661
12043
2815
7252
13846
2452
4711
1762
13952
9280
4624
12430
5152
6004
4819
14647
8132
10507
3139
11131
13142
7055
10433
13201
14219
5980
958
6845
3242
7309
11911
2428
943
6091
2335
12440
7501
652
10957
8612
5552
13447
7468
1670
9298
13984
6616
14941
5590
1207
12577
3011
5216
4237
5068
581
14842
9820
10741
11615
11806
1853
752
10058
1759
13403
7246
6985
6182
11797
1678
2975
2726
3808
8935
14059
4009
9685
9446
11924
4858
10073
7997
4874
14033
4919
6329
3187
7855
10411
2221
2189
13315
6203
13463
13343
11752
9877
12824
10066
8168
5791
10342
13493
799
4099
7495
7403
2254
11203
6760
8906
3176
9197
11623
12122
11407
3869
5537
10129
8143
4781
12676
5647
11233
9463
13822
13426
10400
14833
4139
8872
14054
7940
4493
4198
2671
10405
2389
9952
3040
7162
14140
14014
13937
10837
6448
8152
3643
7103
1285
10963
14038
1864
2908
2624
388
485
3640
14758
6572
5438
7667
7129
664
5353
10192
2990
2369
7132
12499
8437
1255
5398
14485
3236
1798
3421
11084
12290
5624
8839
13412
4691
9587
12100
13288
6643
6937
655
5500
13484
12709
4336
9355
4955
7522
12013
13078
5713
817
6113
7609
5531
8548
6940
10058
9127
7760
7370
4234
10346
11197
14830
5119
3805
13705
14843
5524
13720
8395
3502
7654
2459
1339
8206
12625
7390
3683
9403
9736
10132
9350
586
6172
1702
11909
5629
2998
7727
3464
5915
13684
8836
568
7385
5807
1540
14375
11767
11656
7550
4118
11572
9421
14602
7876
10282
12337
3602
2486
12070
5671
3952
4816
10186
1807
11653
7877
7802
6886
4550
9914
14449
8914
9283
13831
4799
787
9854
12010
12079
9139
604
10744
10744
9202
4222
10702
9250
736
9073
11749
5255
1354
2816
12413
6955
4373
13624
13450
7363
2803
7109
4375
13294
376
4739
8431
6118
3931
5440
746
8977
3136
14224
2875
10153
11068
11258
1988
4334
5273
4981
3139
2458
2245
13523
6566
12508
9136
12071
4721
9853
6884
13648
14447
2533
8434
12208
8731
13274
2296
13411
13897
1648
14488
2512
724
10675
13574
1802
425
4646
8822
14620
12622
4382
1216
9517
8668
12584
878
14623
12115
2041
8090
13966
1390
4477
14045
1816
6088
3424
9236
5221
355
11191
14138
1672
3782
3307
14692
13843
11588
8914
11663
13211
3323
14347
646
329
646
9056
14233
9115
7498
4858
10300
4828
13987
5113
4471
8188
5068
7268
7369
9724
14842
14959
14902
12955
6671
12193
10121
11495
5206
269
847
14522
11209
4630
4477
2410
9443
11869
8063
9853
13279
8840
14770
10705
8981
8252
10183
8044
4720
3058
12496
674
2545
14987
9337
10709
5573
5566
3421
9073
4378
4550
1477
11911
2641
10538
1168
13793
11992
7736
11857
3052
14878
13439
12722
3940
980
14887
4393
14063
9007
287
12476
3872
4435
9860
10658
3830
554
4865
12670
5158
3166
8734
2275
1576
3994
4214
6382
14963
3914
6436
4147
2653
3041
11792
6427
11176
7304
14914
5206
3751
9647
899
8434
2719
10540
7313
4094
13840
6491
4351
7771
14732
9952
7984
4060
14573
11611
10381
9838
5767
2684
839
7831
8866
4732
3370
13301
5345
11860
11761
2815
1633
8651
14063
14819
2095
4429
6595
4108
2056
6286
883
3136
9341
2962
6815
14935
13525
7538
3970
2411
5119
7502
10325
12250
10174
9304
11750
6958
11410
10358
11005
6826
13931
3421
796
994
8300
9233
11632
4678
12100
9353
2803
12863
7939
3118
1439
12493
7252
2837
14617
13762
848
2209
1603
202
14168
2077
10462
13889
3161
10316
4358
1781
10010
9598
3592
5419
11752
2116
6269
9383
284
4126
2602
14522
334
10576
10366
10579
9173
14275
401
6883
12761
9181
13180
10997
1312
13951
8584
11779
1618
9154
10369
14180
11729
8662
239
3394
12446
4069
8803
2435
10279
4864
419
11437
1499
14116
10351
7124
12928
2857
14545
1345
7196
14360
262
9595
4603
2353
1411
2402
12163
6092
10909
962
5405
526
3784
14809
6698
5986
10327
10897
833
6802
6346
6842
856
10591
260
1219
6419
14086
1708
8309
14671
8065
5032
13036
5233
3664
4454
6826
8305
9662
13967
12932
11272
12445
13429
11167
5854
4165
10819
12641
6376
11764
10894
13798
7849
8921
10414
8036
7777
1822
2156
7951
13250
2572
2854
6037
13136
5951
2845
9548
13336
14735
6662
9346
4339
8242
2644
7876
8185
3632
8596
1318
3811
8660
8642
130
9784
2377
8921
8320
2542
9832
14159
13777
7856
415
14717
6769
12685
6362
9665
13507
12044
5879
9415
2767
12115
5063
12722
3517
8725
12874
12325
3565
1487
523
5245
3382
13181
1768
14504
6418
12809
4352
2423
8630
8387
5297
814
7432
5680
10153
4463
8491
7991
1367
5993
13607
7892
13705
9197
208
14917
14822
4945
12185
9250
3805
3986
12265
5731
10370
3283
10018
5176
6872
9749
6119
1105
4244
3871
13286
4630
3184
8429
12211
11965
2707
14624
1157
1039
10558
13807
5068
6397
11896
4126
11096
10051
5965
2240
12928
12944
8806
14767
2056
7760
10495
9514
1544
13276
6863
964
2369
2738
11194
7213
4327
11231
785
7630
12473
14116
7550
10471
8497
14765
5191
5365
13993
7034
5794
7699
5869
3472
8011
8741
941
1244
7964
14855
6961
10183
9559
3400
8977
14785
11044
6340
3289
12400
4984
13081
6073
6997
11557
2494
6490
1286
3301
13859
9958
3664
5896
9778
10705
3037
3655
4768
5233
6698
7447
12116
14855
6226
4117
8837
14602
3110
3436
3077
2221
1262
2006
5975
14062
9400
9943
2206
12904
4009
4121
13052
12874
11494
559
1300
6859
6403
5365
13702
8963
10606
11515
6970
1768
9424
9058
169
5567
7924
3610
7727
11506
11777
13825
11884
12835
14224
4796
11500
2947
10880
11060
10204
727
3565
2665
10114
9406
1093
12928
7022
4423
3445
14848
9103
7837
7735
6769
6857
12136
10282
10777
14500
11860
9932
1379
4339
10876
7343
625
4180
14110
5404
9419
14126
14263
4210
9670
11960
7918
4339
1099
790
3512
10022
9232
3946
2407
1507
4802
739
13060
5180
4751
11740
2543
3614
793
3677
14930
12142
10556
2594
5546
6055
2152
3043
12695
12457
8353
13855
3602
12301
6241
416
1255
13864
6280
6401
4472
2086
4858
4511
10012
175
7024
6218
11890
5695
14249
10024
3041
14521
7474
11525
14620
565
2662
9211
2071
8815
11398
2296
6880
14297
11452
6367
2924
