194029.55
60951.63
247296.05
53829.87
139660.54
65843.52
231037.28
166802.63
118518.56
75662.77
192885.43
72196.43
156440.15
64695.26
307811.89
30616.90
99763.79
100991.26
167270.36
305815.83
228015.94
133507.10
244449.86
72504.36
128590.11
62956.90
136624.34
204408.59
142434.13
172239.95
147675.81
57495.50
273469.52
169065.69
143898.91
180897.80
120535.39
203218.79
280793.15
114252.21
22632.04
3658.13
172394.12
315228.81
204566.92
152280.99
53697.73
151014.95
60599.97
169409.25
169343.52
55238.37
162567.01
167234.32
93001.13
232428.88
229717.70
255602.24
59478.59
3803.63
217643.52
176248.58
212400.50
185998.58
10429.67
244576.64
102311.15
242001.54
271008.54
134127.81
99162.08
234087.71
218685.70
90265.69
81679.04
51571.37
62804.27
58485.82
112253.57
52957.12
59593.91
161012.25
99307.09
45618.44
127006.18
346777.54
29089.13
21304.57
278475.49
223943.70
98378.94
250722.11
129581.13
306323.97
202575.81
161989.84
65722.70
101834.97
188762.47
173814.86
3365.05
210240.53
13919.37
84198.04
157942.93
61395.27
152793.49
277327.02
1279.60
125084.48
28812.51
162228.14
60868.34
188570.99
160015.96
2720.10
314206.52
38092.04
223641.88
24132.00
153009.96
214299.90
69215.18
276934.84
192700.38
278058.68
53799.13
183822.33
68337.51
162738.65
223616.47
16166.40
108403.73
282939.65
144552.35
80752.87
24186.22
20531.43
122705.35
124272.32
201227.92
28838.34
64262.80
28020.36
51724.56
100526.07
167438.70
113089.52
148501.65
149490.56
203792.05
88282.43
31883.07
242750.41
130896.98
228500.69
42516.57
313889.87
44682.98
179803.40
156659.06
30570.00
237640.34
256603.55
387438.84
243207.08
84136.16
103482.15
20831.90
31500.19
190098.19
215864.33
236736.28
202827.26
8969.44
94588.22
131389.65
34581.12
74972.09
123013.15
114765.14
291854.17
134400.67
215364.25
13200.83
164365.13
227813.21
119961.04
59280.31
214857.36
23030.03
326729.96
58773.02
65517.31
129970.61
174797.19
205812.10
200524.52
78323.86
109101.18
167816.47
175169.80
45979.61
144008.70
141117.61
44192.73
273698.57
94567.98
52232.65
63717.81
87984.15
78683.93
100137.79
122899.72
111131.43
137145.20
112573.90
6829.02
12898.71
172970.32
83237.16
74571.04
257451.16
269504.12
66775.72
135974.74
195560.26
175768.16
103456.72
50444.77
187990.87
293271.21
155606.44
292644.56
169004.98
54611.34
115599.17
28772.83
142762.69
88166.37
230840.31
150715.26
84517.70
206814.03
70341.21
170699.58
280554.56
208599.88
260561.46
51483.85
192092.49
51164.58
40407.79
87943.66
181366.04
235813.26
133200.01
62997.79
159348.78
211575.68
69876.69
22807.07
155194.11
37993.44
130231.59
155267.99
331161.19
160221.05
184338.54
58360.62
58779.26
71053.57
139839.47
37679.72
62113.79
93273.43
99664.22
12079.04
217669.44
182732.20
389635.95
211454.49
118456.98
217511.41
114093.77
91510.68
171617.51
94460.22
287461.87
256964.89
188696.44
269321.01
143854.51
44630.48
92464.59
61651.51
58636.26
101898.72
128834.29
84706.25
96115.44
40610.85
52292.01
90265.44
77729.18
155400.01
13628.73
211237.11
171221.18
76955.68
49575.86
248053.60
82386.02
14368.67
179925.91
136821.67
143299.26
142600.29
71473.24
121752.10
247997.09
104191.50
265285.13
147039.55
179286.61
308731.32
157904.47
73946.72
51007.67
92823.74
178415.18
227454.58
211453.91
125192.09
39176.44
63568.76
158137.24
251039.58
189811.92
131847.24
75777.47
65995.50
39928.11
39703.74
120086.35
146149.99
123008.24
108389.20
69626.27
247513.94
33945.43
275141.39
115941.76
174914.26
248092.65
121326.67
101025.52
65277.88
40862.27
62979.65
232886.39
10826.99
60805.58
322311.44
244094.28
31138.17
175462.41
93887.93
118960.45
58986.00
256921.60
19341.11
352068.76
28233.69
53901.00
109781.29
67270.01
274059.18
164807.83
200507.79
274437.41
189295.04
82023.54
6118.50
164900.91
252163.70
58099.92
201011.92
63182.07
191493.22
205500.74
146296.32
163274.56
41178.70
176010.33
62666.38
102630.56
238376.06
288823.13
185049.89
103798.32
4678.15
43613.23
113487.06
180181.61
160557.73
250869.69
225212.55
81079.96
207760.00
104054.37
252006.89
257758.05
251701.65
120231.14
220145.32
7888.28
180595.08
186464.09
205345.91
43441.83
109366.37
154321.18
132726.94
157141.66
182628.11
109372.59
142572.39
120835.27
287441.87
163229.69
189029.17
18493.29
200360.73
230529.02
248501.79
227700.47
59846.97
152572.72
124239.44
281580.74
304753.89
178002.10
64580.33
33516.50
62879.98
171806.42
141214.74
124662.11
247762.23
202582.90
62750.73
60055.91
82612.63
72898.15
147687.41
212539.49
186162.50
337568.45
226059.12
172644.41
124627.11
81757.23
304831.26
165673.91
43166.79
144075.79
10839.23
142806.16
154293.38
132641.88
342287.51
120659.75
279616.32
110635.02
161949.13
176761.48
72521.39
39190.31
152954.16
76885.07
23901.42
239248.59
275697.36
198736.03
152603.25
30839.69
14249.16
86240.29
213269.94
165616.03
137264.00
134646.92
244417.33
106224.21
121109.55
230053.01
41463.57
9815.65
169703.29
81501.92
49073.27
226064.53
28768.33
80219.94
40875.08
55747.60
177860.10
36904.57
340218.69
214667.56
44767.36
228794.74
273268.00
144347.70
214698.70
147969.97
201596.97
83227.24
68608.76
196655.24
64540.53
44539.95
253192.23
44491.56
264609.18
83910.54
16984.85
72777.27
145749.93
194797.78
98883.91
185812.07
60988.52
37538.03
141020.85
29067.66
264622.35
144679.48
29059.53
193630.24
247685.98
185333.08
106331.68
277139.27
123254.60
127822.46
254350.13
152422.73
161490.04
51435.88
382917.88
150141.47
54586.54
233702.31
17532.87
231582.25
188934.88
144726.78
229431.83
232532.87
16543.61
16400.55
22255.37
234225.65
107421.17
13969.73
197905.59
175042.71
72950.38
45314.93
180963.73
126760.92
149386.90
189881.22
167230.49
163733.47
344355.61
69641.96
92273.79
233217.03
111751.09
204122.13
23171.85
66957.59
29902.27
97021.41
38665.39
63615.59
169466.28
142760.91
146349.56
114015.20
89092.09
274380.53
143444.94
52205.70
168829.24
164665.89
121057.04
99335.92
91767.80
121746.70
175011.33
189461.65
277562.36
122648.78
102891.89
191339.90
198332.58
186630.53
97482.86
214479.26
270254.48
52450.27
37298.46
264820.38
215423.34
8415.96
197683.91
239171.68
162405.06
45916.92
177364.85
214037.00
49531.91
222974.02
195658.35
116265.76
35644.22
259847.94
117950.00
3889.08
71094.34
187404.22
195350.17
224721.17
285530.21
100445.23
221275.48
185162.80
213481.13
275864.51
4049.83
266545.41
102623.27
359980.56
14929.44
165830.62
121351.06
235806.21
128107.76
28734.09
125797.41
86769.40
37844.45
78632.35
98020.94
25263.18
209826.15
151903.45
173505.88
77968.26
159765.83
217150.88
238141.70
102169.02
29912.49
152011.76
128903.66
42760.54
307335.93
67629.67
324621.81
31483.79
31255.58
91632.92
153649.05
212815.73
262400.72
64007.61
67560.90
145276.44
170286.13
118645.51
51201.18
2962.87
273982.53
262757.93
38972.58
131051.83
217886.84
140952.59
41120.62
113041.91
136873.24
226932.78
242724.08
4597.59
24513.34
292827.91
250175.24
237510.03
69256.77
91616.90
197798.16
107993.58
175268.92
42298.70
37885.96
269802.87
158026.64
287509.83
192913.47
12452.88
120690.33
123674.51
216403.42
58445.18
228121.55
67456.03
245134.65
237098.47
84396.05
202392.22
98700.87
34627.21
34889.77
175132.90
75142.19
108963.17
23798.93
115385.57
36703.41
158180.45
233061.45
317382.85
145903.36
82359.26
137172.27
168655.25
249647.91
168449.98
235853.72
48884.30
231853.33
154945.38
301800.15
55746.53
86026.46
69443.94
242588.80
160331.69
191652.98
55772.52
99662.46
238685.91
245675.35
147085.74
156694.90
32563.71
142184.90
133238.24
89642.11
149153.50
149264.61
51938.10
124973.82
201395.61
143888.25
72593.81
132301.68
116869.88
60175.74
231830.76
160639.88
175017.46
179492.56
154463.64
103179.55
299914.90
186304.17
217131.31
211562.55
12361.58
180717.80
79983.85
78391.01
194663.63
28833.92
183343.06
122934.88
181298.41
312430.46
140362.36
171849.88
85886.28
104607.45
289250.51
173279.19
156058.92
74730.58
67921.36
66525.01
245012.70
74101.23
171391.92
71712.39
79273.34
200405.62
159249.60
49746.57
11223.96
44710.04
213287.45
207569.20
43012.72
108094.24
42214.92
42243.19
267633.51
260089.87
122790.43
286263.85
11609.39
101719.10
46194.68
44633.17
82414.58
59030.65
143109.88
194915.78
75093.86
85187.85
74807.97
97192.40
287784.04
43313.82
170469.99
190688.95
66480.90
259972.94
139595.16
156711.36
220593.97
20977.68
131919.30
112245.17
246421.66
227464.76
171863.81
314572.37
100820.16
1297.24
76251.46
39425.46
279167.36
155645.53
213361.44
131738.38
218231.16
208412.32
77606.18
30847.92
236012.18
211018.64
184168.15
342129.78
314361.79
115956.70
115962.41
122065.82
105758.85
127354.82
57539.31
223748.38
47740.27
202187.92
83310.84
212429.10
223196.68
245854.80
163776.74
28058.15
139755.34
78341.14
173249.91
146008.73
151065.32
111034.57
199067.45
131688.57
126055.23
182642.66
57993.82
135536.80
230764.50
147829.66
205930.96
332186.60
64919.13
287345.38
140778.63
93535.85
189289.28
176814.83
326683.75
102939.13
141823.71
165687.82
272015.64
249130.08
206383.15
285689.49
163905.95
152432.03
190265.30
277014.76
113996.95
181604.78
52598.10
103667.15
156153.56
118689.05
209508.66
125536.36
132882.38
165705.53
321688.43
151527.64
89650.37
185102.47
227951.13
74613.09
181105.69
42157.14
28882.85
105325.28
293652.65
116079.17
120848.43
223936.23
259657.84
169818.02
138001.35
351520.85
50409.23
106585.67
197961.29
227952.46
223370.64
321867.04
188695.42
168487.66
163772.29
84900.58
97561.51
193162.84
25487.56
266146.08
146919.39
169365.77
38521.22
7968.29
191614.81
149017.17
11255.96
302406.12
148851.69
124469.67
83443.74
147057.38
282797.78
74290.66
113728.11
58425.95
63592.82
239463.49
303411.38
66579.61
98713.56
61515.70
47666.21
214491.85
274789.44
77646.86
15373.23
191741.13
127210.39
50340.50
99534.68
169557.11
223160.53
262140.24
68418.82
1857.26
157136.09
60548.33
59670.20
115722.85
119292.76
100558.74
18805.95
257716.47
186675.26
98049.29
176818.56
75706.17
103569.71
307637.71
26645.76
119106.10
49488.66
222575.35
192905.32
197393.00
225510.15
250001.31
206034.44
126029.24
284390.54
151622.97
106481.22
139010.76
168077.81
82043.40
291588.42
5076.85
28767.14
205177.77
54070.73
7500.87
108726.14
75387.30
200184.85
101464.10
43470.44
175959.66
157936.81
95735.42
345237.12
108943.11
14662.81
16032.89
11089.92
139534.99
72457.18
295589.73
205455.89
94902.05
77266.94
300932.81
304438.99
131752.65
59434.13
237615.61
120890.40
44561.08
138518.67
21392.70
110335.38
312788.52
138934.08
20936.18
64680.42
160077.70
15949.18
24962.08
110185.79
275639.35
214997.50
99981.32
28048.29
40748.28
108259.32
199242.81
315946.06
344579.49
140460.43
105900.68
157980.65
250845.29
28671.15
219459.30
35788.73
54420.03
182562.62
27616.62
27921.93
259715.20
203077.47
47187.86
91495.60
63867.36
125153.07
92941.20
39190.23
223042.84
170558.52
91476.29
169793.78
168239.02
71158.88
125400.05
94129.79
66610.76
130286.77
10947.94
384430.10
160273.35
8956.86
137375.61
52427.37
144439.88
118158.74
70362.10
172900.22
175523.96
132547.38
48321.33
116911.55
78769.47
192455.41
286272.28
220415.53
181862.39
145717.76
161397.15
199430.89
212107.97
220338.79
62949.72
58480.03
34564.42
74902.91
156411.06
207798.65
48723.91
79039.40
188866.27
71333.32
43632.09
119361.58
93244.73
146812.42
142433.86
119920.62
155074.06
110780.32
17795.92
265554.48
224838.50
97106.56
205162.42
187307.52
131651.31
313509.93
227554.19
10998.14
116560.95
153824.37
179376.95
68223.26
117312.35
312192.85
184509.35
181346.34
246814.75
63916.14
183728.73
79489.85
221584.99
42426.50
201779.84
12124.69
90609.07
243103.38
132905.74
86088.77
77380.90
71177.59
120644.69
195434.43
91852.10
72996.21
232897.12
103189.34
49265.35
244662.34
234871.03
98084.77
7655.88
206126.35
93105.44
85005.25
83848.29
309078.95
166356.03
148638.92
116848.95
137608.15
11759.25
210966.83
168530.78
269862.38
53986.24
230095.22
125439.14
133720.48
142571.55
95734.81
102813.09
99102.93
67285.31
131176.05
206404.09
245361.05
25086.49
12904.75
198021.29
213478.56
136347.17
183430.93
144335.04
150122.16
44541.54
15953.86
285315.04
201619.00
34020.04
59132.56
90721.36
222471.86
267071.42
175282.47
54857.38
47757.84
273605.30
251296.80
251230.26
108912.71
84778.07
84388.37
252555.44
131320.74
84939.43
126954.48
284119.68
232184.56
336737.67
284622.59
147721.95
188646.10
177284.27
156372.10
155772.08
37122.19
19152.69
234564.41
47095.78
24691.53
118328.14
101161.64
102475.97
132512.68
18122.34
99914.27
77879.09
70801.66
147213.13
135841.46
139208.88
134742.59
212635.08
80223.78
290310.01
240203.09
109557.88
273981.20
31182.27
208747.89
90724.42
18908.75
243736.60
61306.82
117489.07
76478.49
75047.76
255137.17
41199.05
116528.40
91576.71
275105.13
298326.08
207704.98
322334.98
296442.09
301522.17
50976.88
90747.62
273701.06
144364.71
166552.12
29543.56
189478.38
93677.07
36323.76
29853.05
119995.69
963.04
167144.55
113104.10
172125.71
29787.47
59259.55
259929.33
154114.21
247898.14
107242.75
95593.34
249884.03
140200.95
27000.66
48667.29
113330.37
119117.59
55380.69
71910.41
214736.27
39097.56
89476.52
93875.85
327014.19
149646.02
106014.35
152622.97
127298.64
203137.94
221875.54
173173.74
53894.45
134358.82
107121.78
108233.17
170902.73
134742.58
76934.07
166598.23
265670.23
181136.14
16375.79
174453.27
187537.08
221002.23
89589.54
158562.63
292955.59
240721.29
213498.65
4195.73
161824.11
199687.87
162156.62
263660.44
160446.23
50936.92
51250.94
331607.10
106414.13
207450.87
11412.66
51259.26
176874.00
148118.68
108749.44
70327.08
185703.36
14558.97
207606.87
6015.44
213673.37
182654.05
221439.55
164298.70
135291.11
137235.53
55007.88
94693.52
54458.89
10250.52
181619.34
157191.24
205292.54
113257.67
93882.63
230590.77
218602.77
176661.89
65911.79
82942.21
160077.46
93004.90
209731.12
138152.91
273444.63
289933.72
25496.77
156728.03
300172.13
123280.40
272581.06
227224.73
180530.01
116623.72
15985.69
238520.80
180367.88
156294.74
48482.99
19147.41
188969.64
153191.23
246775.10
291080.55
149338.22
213934.09
331466.22
107829.69
21942.16
199154.42
3085.91
129818.00
112432.09
17139.01
69425.06
47515.54
49173.67
60162.98
77153.05
82895.34
205292.52
221967.27
162199.83
68549.82
297186.05
80480.72
168350.84
208342.57
149066.67
186682.93
39611.39
41402.09
15983.33
174607.11
114620.56
216687.74
37771.51
27809.32
184330.99
87187.53
275314.05
49062.21
144226.56
89990.84
209215.02
214847.00
266439.74
9205.34
41339.64
34859.02
79637.23
71894.70
23994.30
46082.89
63813.64
142431.25
55551.03
126167.24
274093.04
220098.35
227437.30
229909.97
242150.01
144458.99
404785.46
181182.02
140625.51
177440.69
140400.53
214059.28
81452.22
143656.37
356008.20
197333.88
291170.71
124204.38
5919.90
153405.14
126863.04
43326.90
