3325
8076
3956
4069
8895
4969
8539
3025
4651
4093
3917
9942
1339
6377
2694
2480
3735
9653
1329
6925
8851
1627
3336
6451
7454
2770
3377
9460
6834
396
9845
8126
7054
7542
9583
3063
2952
3335
5691
841
4540
4729
3708
3213
3610
7606
824
5454
612
7268
864
9736
5278
5334
3676
4947
7047
3336
3316
5255
5282
9412
854
1491
8555
7737
3123
3203
1125
8132
3133
6475
1416
5467
8800
1340
2927
2723
5905
4271
6571
1704
7153
367
4410
9779
7834
1434
2739
5739
9898
7035
5180
2227
7182
5318
9029
9062
9946
7340
5020
6577
3499
9702
2111
9080
3407
4283
6643
2452
302
9988
3506
8106
9193
6252
4767
535
7756
7945
9685
1951
1402
137
2203
467
7975
7938
4028
4410
1287
6006
9934
4749
5459
5884
2500
8875
596
2025
3907
174
2625
8209
7171
5542
7113
1449
1226
4237
1135
3516
3633
3682
5475
6259
7690
1704
4521
6617
9040
5946
1550
560
2893
2927
3500
3662
3211
6770
9506
3232
486
5310
3534
4798
1685
5202
5669
1872
4171
8518
7225
1381
6989
4458
2896
5873
5052
9451
5564
1719
9056
6646
5336
597
1832
43
6160
2104
837
7318
138
8062
6533
1937
4084
5524
6443
5319
8200
6929
2515
7079
2386
536
7874
8460
8278
1289
241
9104
1330
5799
2972
4721
3788
4583
4328
4307
4136
9689
8374
4226
99
8184
6642
5017
148
5792
1540
9170
4762
7312
1780
5896
9127
9542
1804
1998
6839
6325
5567
4542
9110
2064
2918
1779
2054
2188
3077
1076
2568
296
9923
7908
3368
5826
3444
6762
8300
5399
6197
8235
9294
7017
4536
8063
2990
9074
508
8329
6768
5179
9855
9346
2654
4526
9873
7729
5327
3928
3128
2479
9473
6234
7086
6308
9080
5439
6754
2009
6371
7986
552
8170
8541
1713
9915
7246
1801
9599
4248
465
3309
8627
8893
2243
5385
4034
1605
5923
2942
58
7793
7698
8268
5532
3010
8200
5974
3890
5711
208
2909
903
2628
118
2074
8289
806
2773
5546
1418
5679
1272
9041
1892
6116
395
9979
276
3430
8599
7876
924
8037
9683
7849
7629
7986
3257
483
1265
9337
2246
3199
1044
3008
5275
3869
7188
5433
7784
7232
3261
5186
6552
367
7379
5739
4942
9985
7250
6371
2390
2618
4580
9486
8550
3443
3759
8487
7567
7970
2789
7885
2070
4994
9688
5589
8263
6324
55
1384
9137
9156
6942
5913
7742
5164
429
2368
6110
6269
3369
4602
269
8855
8519
8649
3144
1411
2297
7249
4029
4667
7912
4149
4898
5534
3142
524
4470
8176
7524
2782
8914
1160
4927
1890
9587
8069
2175
8509
7652
4835
1211
9981
3804
522
4692
7146
3062
4519
2113
1817
983
7781
3002
6580
4975
8679
5632
5906
1986
2577
4762
694
6326
7806
4951
2307
1452
4955
583
4976
7744
5329
3102
9741
4246
7670
8709
1019
2490
4957
2083
9881
5638
2692
5311
7102
3969
9295
9416
2263
8276
2600
5546
2647
2373
1532
5458
7658
1467
8281
8894
6982
7602
3766
7023
5721
7242
5299
1968
4928
6909
4850
7387
3263
125
5138
8945
3092
1904
7441
5303
5727
404
4568
2813
8879
9013
852
6270
6940
2443
7453
2771
2237
6068
8979
9617
9057
4078
467
7850
133
2535
7907
967
2886
9255
1042
3285
2379
3533
304
7346
6776
1660
7628
90
9219
13
3076
3858
7326
3923
7152
1952
6295
494
1799
5427
11
3838
1344
4332
2726
4628
5893
9687
7442
7647
1596
4235
8007
1904
5393
2957
959
7283
7392
4104
8091
2721
3172
1640
391
253
1484
9417
1396
2653
3599
1283
4695
8464
2916
6397
3961
3231
7315
1682
2893
7077
3029
977
4755
7228
3043
3191
5414
763
3718
3400
2845
8715
4465
4251
9200
3585
6085
3717
2434
8324
6034
6872
9365
8421
9679
679
315
2604
7014
4381
9241
3427
5323
9676
1295
2134
3245
3028
4424
5534
3780
6114
6527
6508
9364
6713
4933
5789
4756
6748
347
1281
9089
7519
6914
6589
6731
7691
7516
838
6498
6593
8217
2311
8561
7589
9799
8333
3589
1661
2536
8307
6050
6162
2103
6795
111
8404
5515
7522
8501
9456
7180
3589
5407
1783
1239
4349
9872
4727
4231
1919
6836
6922
6956
1954
2710
4776
2467
1108
724
5899
2416
3242
215
1122
9699
960
6243
6146
30
4482
8707
333
7069
9193
6400
831
1475
6244
7245
8014
1095
1945
8838
7898
8656
4945
3183
7440
4835
2620
730
5430
1305
8777
6369
2505
535
5845
4579
2861
8310
1693
597
9673
606
2656
1811
8305
6184
4762
385
9791
4289
377
5294
7890
9985
2947
319
2803
3843
2515
4778
1068
9678
2631
7598
8950
6878
6493
8410
6190
9343
8199
2742
7167
3120
5392
9408
331
