2
252
502
752
3
253
503
753
4
254
504
754
5
255
505
755
6
256
506
756
7
257
507
757
8
258
508
758
9
259
509
759
10
260
510
760
11
261
511
761
12
262
512
762
13
263
513
763
14
264
514
764
15
265
515
765
16
266
516
766
17
267
517
767
18
268
518
768
19
269
519
769
20
270
520
770
21
271
521
771
22
272
522
772
23
273
523
773
24
274
524
774
25
275
525
775
26
276
526
776
27
277
527
777
28
278
528
778
29
279
529
779
30
280
530
780
31
281
531
781
32
282
532
782
33
283
533
783
34
284
534
784
35
285
535
785
36
286
536
786
37
287
537
787
38
288
538
788
39
289
539
789
40
290
540
790
41
291
541
791
42
292
542
792
43
293
543
793
44
294
544
794
45
295
545
795
46
296
546
796
47
297
547
797
48
298
548
798
49
299
549
799
50
300
550
800
51
301
551
801
52
302
552
802
53
303
553
803
54
304
554
804
55
305
555
805
56
306
556
806
57
307
557
807
58
308
558
808
59
309
559
809
60
310
560
810
61
311
561
811
62
312
562
812
63
313
563
813
64
314
564
814
65
315
565
815
66
316
566
816
67
317
567
817
68
318
568
818
69
319
569
819
70
320
570
820
71
321
571
821
72
322
572
822
73
323
573
823
74
324
574
824
75
325
575
825
76
326
576
826
77
327
577
827
78
328
578
828
79
329
579
829
80
330
580
830
81
331
581
831
82
332
582
832
83
333
583
833
84
334
584
834
85
335
585
835
86
336
586
836
87
337
587
837
88
338
588
838
89
339
589
839
90
340
590
840
91
341
591
841
92
342
592
842
93
343
593
843
94
344
594
844
95
345
595
845
96
346
596
846
97
347
597
847
98
348
598
848
99
349
599
849
100
350
600
850
101
351
601
851
102
352
602
852
103
353
603
853
104
354
604
854
105
355
605
855
106
356
606
856
107
357
607
857
108
358
608
858
109
359
609
859
110
360
610
860
111
361
611
861
112
362
612
862
113
363
613
863
114
364
614
864
115
365
615
865
116
366
616
866
117
367
617
867
118
368
618
868
119
369
619
869
120
370
620
870
121
371
621
871
122
372
622
872
123
373
623
873
124
374
624
874
125
375
625
875
126
376
626
876
127
377
627
877
128
378
628
878
129
379
629
879
130
380
630
880
131
381
631
881
132
382
632
882
133
383
633
883
134
384
634
884
135
385
635
885
136
386
636
886
137
387
637
887
138
388
638
888
139
389
639
889
140
390
640
890
141
391
641
891
142
392
642
892
143
393
643
893
144
394
644
894
145
395
645
895
146
396
646
896
147
397
647
897
148
398
648
898
149
399
649
899
150
400
650
900
151
401
651
901
152
402
652
902
153
403
653
903
154
404
654
904
155
405
655
905
156
406
656
906
157
407
657
907
158
408
658
908
159
409
659
909
160
410
660
910
161
411
661
911
162
412
662
912
163
413
663
913
164
414
664
914
165
415
665
915
166
416
666
916
167
417
667
917
168
418
668
918
169
419
669
919
170
420
670
920
171
421
671
921
172
422
672
922
173
423
673
923
174
424
674
924
175
425
675
925
176
426
676
926
177
427
677
927
178
428
678
928
179
429
679
929
180
430
680
930
181
431
681
931
182
432
682
932
183
433
683
933
184
434
684
934
185
435
685
935
186
436
686
936
187
437
687
937
188
438
688
938
189
439
689
939
190
440
690
940
191
441
691
941
192
442
692
942
193
443
693
943
194
444
694
944
195
445
695
945
196
446
696
946
197
447
697
947
198
448
698
948
199
449
699
949
200
450
700
950
201
451
701
951
