771.64
993.49
337.09
357.84
378.49
915.27
438.37
306.39
920.92
498.13
645.40
191.92
113.97
591.18
51.37
444.37
255.88
50.52
219.83
537.98
130.72
424.25
642.13
175.32
763.98
149.66
68.77
299.58
249.63
957.34
220.62
916.91
84.20
811.84
381.31
291.84
996.12
673.27
164.00
374.02
709.87
894.90
818.74
471.98
659.73
332.81
337.06
901.70
169.44
862.70
38.64
327.18
650.07
889.50
893.39
310.13
835.70
784.55
265.89
458.67
709.16
887.53
781.91
918.51
995.35
648.75
555.04
64.40
664.17
52.44
568.61
386.29
144.80
405.70
635.66
346.92
675.54
305.84
546.66
115.89
944.44
139.05
664.50
584.86
786.18
635.84
359.16
597.21
460.12
103.13
233.94
51.75
905.41
511.20
582.03
62.15
832.74
928.96
694.35
746.59
683.96
892.20
382.11
821.89
444.01
157.03
151.34
348.61
204.86
744.57
690.30
666.53
799.27
981.33
734.44
186.21
989.05
743.26
568.86
583.84
620.84
120.99
761.64
849.11
406.03
109.34
747.14
856.09
891.46
929.05
310.76
327.19
848.75
265.31
824.69
609.69
451.58
537.72
669.19
411.17
630.91
434.47
569.91
289.15
824.96
126.59
15.72
745.64
570.11
662.75
160.70
847.09
463.10
300.43
532.26
737.86
776.13
565.82
374.71
196.64
488.55
391.81
916.55
37.59
716.81
709.06
200.00
29.46
805.78
493.19
493.65
307.12
164.22
114.37
383.01
833.15
919.63
877.29
532.70
155.32
244.65
106.80
14.78
985.88
292.52
539.47
74.54
296.63
611.16
191.36
668.19
606.16
35.11
908.15
713.25
812.62
565.54
690.87
301.06
107.17
310.74
85.03
728.95
901.04
54.92
210.44
628.53
424.93
192.78
563.44
388.08
224.83
686.51
798.98
23.78
259.24
611.04
236.27
134.62
130.33
855.39
54.79
52.29
926.25
123.11
411.08
211.66
137.68
542.52
448.31
512.24
25.09
357.22
80.98
598.55
45.50
800.72
314.81
504.10
92.64
858.64
771.26
633.74
153.74
692.42
348.82
620.08
255.78
498.84
509.16
274.15
463.69
228.61
398.92
602.65
25.77
846.26
393.63
503.10
288.73
809.13
785.75
447.08
797.27
306.37
546.75
625.62
397.34
31.37
5.16
80.86
683.59
694.24
846.49
386.96
344.28
348.27
452.80
940.81
182.58
842.21
239.57
744.67
329.13
497.26
41.04
762.61
154.47
947.99
920.66
108.96
309.57
345.92
930.97
496.36
849.66
624.39
759.36
433.59
884.01
494.83
108.97
552.38
252.03
254.92
875.83
936.13
402.14
729.94
577.23
434.34
382.82
765.34
28.33
880.23
891.18
127.65
775.79
945.72
797.05
550.29
220.23
409.73
492.19
697.31
585.86
604.25
900.07
745.51
399.64
657.22
24.73
233.61
469.80
969.44
707.77
608.77
917.83
491.20
73.81
65.98
250.04
816.53
332.65
688.33
435.42
617.20
868.60
334.58
71.50
81.82
821.43
744.87
776.53
417.61
920.02
409.38
498.43
666.13
50.84
528.64
906.20
823.21
703.41
224.01
985.03
91.63
854.89
615.98
376.47
868.81
805.90
365.56
358.08
478.94
824.08
291.03
456.36
987.22
973.74
202.06
571.30
672.29
587.08
129.77
458.34
239.34
761.41
908.21
657.16
139.00
811.55
438.38
496.93
365.83
843.88
490.61
196.73
929.57
22.00
305.40
218.71
786.53
612.09
876.75
332.71
618.00
231.02
905.88
414.42
361.48
605.20
946.39
15.57
213.89
729.38
27.75
158.62
810.86
904.17
732.15
779.68
310.40
281.98
168.03
91.31
372.94
474.77
558.85
241.47
626.89
922.27
275.19
992.21
936.60
374.49
566.46
183.47
932.08
196.63
321.97
978.65
745.33
496.08
111.42
783.52
913.75
815.88
396.26
860.68
981.41
141.48
447.24
555.12
382.87
570.79
82.84
867.45
861.93
81.52
705.50
413.86
866.56
37.30
706.51
322.08
761.86
552.88
744.73
325.61
283.27
976.55
473.64
676.92
488.93
782.47
201.21
365.79
249.61
566.34
147.45
850.42
449.39
655.22
451.29
637.28
650.84
739.25
107.03
818.19
217.01
149.65
901.98
908.64
882.54
822.78
358.45
668.65
455.70
806.66
221.89
194.38
451.61
929.43
712.33
237.98
3.14
73.42
425.29
224.49
947.16
875.78
129.69
200.26
330.59
27.22
223.38
275.58
442.81
883.99
211.70
861.84
572.43
613.09
687.29
925.73
357.06
353.06
49.17
478.18
57.48
277.26
848.14
102.99
927.45
388.28
465.82
9.83
698.42
306.43
548.19
806.19
387.57
525.81
302.26
441.11
371.85
187.31
576.96
885.35
119.83
309.03
285.75
684.61
972.23
690.00
501.05
781.45
45.84
429.52
293.63
139.18
838.08
810.68
897.49
334.33
860.55
854.08
960.64
741.01
772.24
199.37
457.37
849.96
713.88
361.83
641.67
568.91
422.60
894.57
231.15
123.91
858.59
882.37
939.14
102.19
466.37
235.91
177.40
774.56
264.09
250.98
679.10
201.03
266.53
312.37
524.71
814.79
33.71
327.34
281.90
840.06
71.68
244.06
164.60
432.12
77.38
142.73
539.86
680.14
685.52
285.92
474.19
829.29
960.19
160.31
222.02
413.24
413.02
751.45
453.69
994.19
252.66
9.87
369.44
568.46
901.53
288.41
408.72
452.31
837.16
431.90
356.66
629.29
171.40
790.87
525.73
999.93
733.59
872.20
790.03
394.05
688.47
893.72
923.04
104.20
236.07
824.36
955.81
499.51
920.75
573.48
341.95
84.02
814.67
64.89
943.82
717.83
730.28
210.84
309.00
714.49
581.52
631.58
666.70
524.27
336.75
704.97
394.83
771.90
508.37
963.43
619.53
947.03
713.35
476.19
581.65
667.16
251.19
202.07
859.60
864.96
22.69
935.29
184.96
920.74
437.86
687.13
353.84
70.22
683.78
877.84
681.95
143.48
135.46
126.20
487.68
784.93
706.61
978.56
179.09
157.38
947.51
861.63
44.75
63.36
252.42
859.82
558.56
362.26
864.93
475.18
444.38
372.75
277.15
8.39
440.25
934.59
426.16
864.83
844.44
886.53
938.29
657.25
535.27
519.36
741.46
365.00
875.44
424.86
884.26
678.16
449.45
576.88
551.90
186.84
538.58
213.04
426.74
510.23
252.84
18.75
729.42
812.37
238.66
316.64
362.75
989.71
771.95
331.70
713.62
920.20
392.50
573.22
946.07
593.23
621.53
608.91
396.60
458.00
521.06
464.46
126.96
119.41
198.69
916.16
359.59
861.23
335.98
606.19
571.71
478.52
662.17
430.21
913.46
79.40
20.39
271.39
102.58
992.27
859.90
966.01
37.61
928.25
753.88
279.05
845.51
897.33
587.41
673.99
166.93
697.10
79.70
46.52
890.63
884.56
776.41
242.52
307.79
466.07
